(current_cut)_Total_COIN_Triggers,(current_cut)_Total_HMS_EL-REAL_Triggers,(current_cut)_Total_SHMS_3/4_Triggers,Accepted_COIN_Triggers,Accepted_HMS_Triggers,Accepted_SHMS_Triggers,BCM2_Beam_Cut_Charge,BCM2_Beam_Cut_Current,BCM2_Charge,BCM2_Current,BCM_Cut_HMS_Run_Length,BCM_Cut_SHMS_Run_Length,Beam_Energy,COIN_CPULT,COIN_CPULT_ERROR,COIN_Trigger_Rate,EDTM_Accepted_Triggers,HMS_Angle,HMS_CPULT,HMS_CPULT_ERROR,HMS_Cal_ALL_Elec_Eff,HMS_Cal_ALL_Elec_Eff_ERROR,HMS_Cal_COIN_Elec_Eff,HMS_Cal_COIN_Elec_Eff_ERROR,HMS_Cal_SING_Elec_Eff,HMS_Cal_SING_Elec_Eff_ERROR,HMS_Cer_ALL_Elec_Eff,HMS_Cer_ALL_Elec_Eff_ERROR,HMS_Cer_COIN_Elec_Eff,HMS_Cer_COIN_Elec_Eff_ERROR,HMS_Cer_SING_Elec_Eff,HMS_Cer_SING_Elec_Eff_ERROR,HMS_EL-REAL_Trigger_Rate,HMS_Elec_ALL_TRACK_EFF,HMS_Elec_ALL_TRACK_EFF_ERROR,HMS_Elec_COIN_TRACK_EFF,HMS_Elec_COIN_TRACK_EFF_ERROR,HMS_Elec_SING_TRACK_EFF,HMS_Elec_SING_TRACK_EFF_ERROR,HMS_Hodo_3_of_4_EFF,HMS_Hodo_4_of_4_EFF,HMS_Hodo_Plane_1,HMS_Hodo_Plane_2,HMS_Hodo_Plane_3,HMS_Hodo_Plane_4,HMS_Hodo_S1XY,HMS_Hodo_S2XY,HMS_Hodoscope_S1X_Rate,HMS_Hodoscope_S1X_Triggers,HMS_P_Central,HMS_Particle_Mass,HMS_Run_Length,Non_Scaler_EDTM_Live_Time,Non_Scaler_EDTM_Live_Time_Corr,Non_Scaler_EDTM_Live_Time_Corr_ERROR,Non_Scaler_EDTM_Live_Time_ERROR,Pre-Scaled_COIN_Triggers,Pre-Scaled_HMS_EL-REAL_Triggers,Pre-Scaled_SHMS_3/4_Triggers,Ps1_factor,Ps2_factor,Ps3_factor,Ps4_factor,Ps5_factor,Ps6_factor,Run_Number,SHMS_3/4_Trigger_Rate,SHMS_Aero_ALL_Prot_Eff,SHMS_Aero_ALL_Prot_Eff_ERROR,SHMS_Aero_COIN_Prot_Eff,SHMS_Aero_COIN_Prot_Eff_ERROR,SHMS_Aero_SING_Prot_Eff,SHMS_Aero_SING_Prot_Eff_ERROR,SHMS_Angle,SHMS_CPULT,SHMS_CPULT_ERROR,SHMS_HGC_ALL_Prot_Eff,SHMS_HGC_ALL_Prot_Eff_ERROR,SHMS_HGC_COIN_Prot_Eff,SHMS_HGC_COIN_Prot_Eff_ERROR,SHMS_HGC_SING_Prot_Eff,SHMS_HGC_SING_Prot_Eff_ERROR,SHMS_Hadron_ALL_TRACK_EFF,SHMS_Hadron_ALL_TRACK_EFF_ERROR,SHMS_Hodo_3_of_4_EFF,SHMS_Hodo_4_of_4_EFF,SHMS_Hodo_Plane_1,SHMS_Hodo_Plane_2,SHMS_Hodo_Plane_3,SHMS_Hodo_Plane_4,SHMS_Hodo_S1XY,SHMS_Hodo_S2XY,SHMS_Hodoscope_S1X_Rate,SHMS_Hodoscope_S1X_Triggers,SHMS_P_Central,SHMS_Particle_Mass,SHMS_Prot_ALL_TRACK_EFF,SHMS_Prot_ALL_TRACK_EFF_ERROR,SHMS_Prot_COIN_TRACK_EFF,SHMS_Prot_COIN_TRACK_EFF_ERROR,SHMS_Prot_SING_TRACK_EFF,SHMS_Prot_SING_TRACK_EFF_ERROR,SHMS_Run_Length,Target_Mass_(amu),Total_COIN_Triggers,Total_HMS_EL-REAL_Triggers,Total_SHMS_3/4_Triggers
8541.0,58774.0,2554428.0,9780.0,59896.0,1277235.0,33.244,52.421,33.256,43.839,634.184,632.183,9.176808,0.998,0.0005,0.014,7543.0,23.75,0.9972,0.0003,0.9924,0.0006,0.9969,0.0013,0.9919,0.0007,0.9979,0.0003,0.9979,0.001,0.9979,0.0004,0.093,0.9971,0.0005,0.9972,0.0013,0.9971,0.0005,0.997556,0.762747,0.998154,0.99725,0.994006,0.770886,0.999995,0.998627,64.288,40770461.0,5.015,0.000511,634.184,0.9973,0.9973,0.0005,0.0005,0.0,0.0,2556624.0,1.0,1.0,1.0,0.0,0.0,1.0,11829.0,4.041,0.2847,0.0034,0.4289,0.0117,0.2678,0.0036,23.79,0.4996,0.0003,0.8885,0.0042,0.9885,0.0038,0.872,0.0049,0.7762,0.0014,0.918621,0.509865,0.981304,0.975163,0.816498,0.652558,0.999536,0.936244,160.171,101257117.0,5.015,0.938272,0.9901,0.0016,0.9947,0.0026,0.989,0.0018,632.183,1.007276,8541.0,58774.0,2554428.0
12483.0,87933.0,3872408.0,15640.0,91208.0,1945631.0,50.383,54.492,50.411,40.863,924.588,918.535,9.176808,1.0011,0.0,0.014,12306.0,23.75,1.0009,0.0003,0.993,0.0005,0.9972,0.001,0.9927,0.0006,0.9975,0.0003,0.9979,0.0008,0.9975,0.0003,0.096,0.9974,0.0003,0.9985,0.0008,0.9973,0.0004,0.998059,0.764915,0.999081,0.997725,0.994748,0.771416,0.999998,0.998799,66.723,61691447.0,5.015,0.000511,924.588,1.0013,1.0013,0.0,0.0,0.0,0.0,3877304.0,1.0,1.0,1.0,0.0,0.0,1.0,11830.0,4.216,0.2866,0.0028,0.4157,0.0093,0.2712,0.0029,23.79,0.5018,0.0003,0.8849,0.0035,0.9966,0.0017,0.867,0.004,0.7766,0.0012,0.918138,0.508184,0.982028,0.975673,0.814635,0.651073,0.999563,0.935321,166.391,152836068.0,5.015,0.938272,0.9889,0.0014,0.9964,0.0018,0.9872,0.0016,918.535,1.007276,12483.0,87933.0,3872408.0
8810.0,53344.0,2244182.0,17625.0,62168.0,1133186.0,29.609,42.03,29.674,18.877,704.473,686.361,9.176808,0.9997,0.0001,0.013,15663.0,23.75,0.9984,0.0003,0.9938,0.0006,0.997,0.0013,0.9934,0.0007,0.9985,0.0003,0.9982,0.001,0.9985,0.0003,0.078,0.9976,0.0004,0.9981,0.0011,0.9976,0.0005,0.997714,0.76448,0.998701,0.997818,0.993508,0.772162,0.999997,0.998521,51.634,36374475.0,5.015,0.000511,704.473,0.9996,0.9996,0.0001,0.0001,0.0,0.0,2256104.0,1.0,1.0,1.0,0.0,0.0,1.0,11831.0,3.27,0.281,0.0037,0.4428,0.0126,0.2625,0.0038,23.79,0.5023,0.0003,0.8835,0.0046,0.9928,0.0032,0.865,0.0053,0.7736,0.0015,0.919783,0.512316,0.982288,0.975164,0.817763,0.654024,0.99956,0.93695,131.296,90116563.0,5.015,0.938272,0.9881,0.0019,0.997,0.0021,0.9859,0.0023,686.361,1.007276,8810.0,53344.0,2244182.0
20086.0,72326.0,2478925.0,21049.0,73336.0,1250809.0,34.529,19.352,34.536,18.423,1784.276,1778.269,9.176808,1.0002,0.0,0.011,18686.0,23.75,1.0004,0.0003,0.9929,0.0006,0.9976,0.0011,0.9924,0.0007,0.9987,0.0003,0.9995,0.0005,0.9986,0.0003,0.041,0.9976,0.0004,0.9979,0.0011,0.9975,0.0004,0.998596,0.781421,0.999725,0.999183,0.994528,0.786579,1.0,0.998832,24.036,42887645.0,5.015,0.000511,1784.276,1.0003,1.0003,0.0,0.0,0.0,0.0,2480646.0,1.0,1.0,1.0,0.0,0.0,1.0,11833.0,1.394,0.2844,0.0034,0.4454,0.0112,0.2646,0.0035,23.79,0.5042,0.0003,0.8854,0.0042,0.9954,0.0023,0.8656,0.0049,0.7763,0.0014,0.920991,0.512093,0.984793,0.978508,0.816225,0.651073,0.999673,0.935876,59.651,106076247.0,5.015,0.938272,0.9912,0.0014,0.994,0.0027,0.9905,0.0017,1778.269,1.007276,20086.0,72326.0,2478925.0
4490.0,16269.0,561273.0,5597.0,17389.0,284056.0,7.826,19.693,7.834,15.409,397.388,397.388,9.176808,1.0002,0.0,0.011,5068.0,23.75,1.0004,0.0007,0.993,0.0013,0.9978,0.0022,0.9924,0.0014,0.9986,0.0006,1.0,0.0,0.9984,0.0006,0.041,0.9973,0.0009,1.0,0.0,0.9969,0.001,0.998774,0.765733,0.999517,0.999518,0.99565,0.76982,1.0,0.998999,24.508,9739371.0,5.015,0.000511,397.388,1.0003,1.0003,0.0,0.0,0.0,0.0,562561.0,1.0,1.0,1.0,0.0,0.0,1.0,11834.0,1.412,0.2838,0.007,0.3814,0.0229,0.2717,0.0074,23.79,0.5049,0.0007,0.8734,0.0091,0.9942,0.0058,0.8554,0.0103,0.7772,0.0029,0.923661,0.517719,0.985686,0.978878,0.820695,0.653801,0.999698,0.937925,60.551,24062215.0,5.015,0.938272,0.9947,0.0024,1.0,0.0,0.9935,0.0029,397.388,1.007276,4490.0,16269.0,561273.0
2106.0,7586.0,260639.0,2108.0,7591.0,131405.0,3.632,19.583,3.632,19.583,185.479,185.479,9.176808,1.0009,0.0,0.011,1849.0,23.75,1.0007,0.001,0.9956,0.0015,1.0,0.0,0.9956,0.0016,0.9995,0.0005,1.0,0.0,0.9994,0.0006,0.041,0.9982,0.0011,0.995,0.005,0.9986,0.001,0.998443,0.776,0.999481,1.0,0.993398,0.781563,1.0,0.998558,24.224,4493057.0,5.015,0.000511,185.479,1.0005,1.0005,0.0,0.0,0.0,0.0,260639.0,1.0,1.0,1.0,0.0,0.0,1.0,11835.0,1.405,0.2986,0.0106,0.4516,0.0338,0.2785,0.011,23.79,0.5042,0.001,0.8665,0.0134,0.98,0.014,0.8456,0.0155,0.7795,0.0042,0.919708,0.50767,0.983589,0.978888,0.816743,0.645579,0.999654,0.93505,60.208,11167376.0,5.015,0.938272,0.991,0.0045,1.0,0.0,0.9884,0.0058,185.479,1.007276,2106.0,7586.0,260639.0
2469.0,7463.0,246091.0,3089.0,8089.0,124969.0,9.568,39.349,9.577,31.36,243.162,243.162,9.176808,1.0,0.0,0.01,3043.0,23.75,0.9999,0.001,0.9811,0.0031,0.9714,0.0282,0.9812,0.0031,0.9995,0.0005,1.0,0.0,0.9995,0.0005,0.031,0.9968,0.0014,1.0,0.0,0.9967,0.0015,0.998091,0.765291,0.999434,0.999428,0.992798,0.771721,1.0,0.998356,18.476,4492768.0,5.015,0.000511,243.162,1.0,1.0,0.0,0.0,0.0,0.0,246919.0,1.0,1.0,1.0,0.0,0.0,1.0,11836.0,1.012,0.3392,0.0091,0.5667,0.0905,0.3366,0.0092,23.79,0.5061,0.001,0.9411,0.0076,1.0,0.0,0.9401,0.0077,0.8244,0.0039,0.957105,0.62445,0.98715,0.978553,0.88048,0.734194,0.999724,0.968231,47.664,11590005.0,5.015,0.938272,0.9912,0.0028,1.0,0.0,0.9911,0.0028,243.162,1.007276,2469.0,7463.0,246091.0
5594.0,16824.0,546317.0,5594.0,16826.0,275969.0,21.226,38.35,21.226,38.35,553.479,553.479,9.176808,1.0,0.0,0.01,5517.0,23.75,1.0001,0.0007,0.9826,0.002,1.0,0.0,0.9823,0.002,0.9988,0.0005,1.0,0.0,0.9988,0.0006,0.03,0.9976,0.0008,1.0,0.0,0.9976,0.0008,0.99789,0.763017,0.999743,0.997215,0.993913,0.770031,0.999999,0.9986,18.095,10015309.0,5.015,0.000511,553.479,1.0002,1.0002,0.0,0.0,0.0,0.0,546317.0,1.0,1.0,1.0,0.0,0.0,1.0,11838.0,0.987,0.3337,0.006,0.34,0.067,0.3337,0.006,23.79,0.5051,0.0007,0.9428,0.005,1.0,0.0,0.9424,0.005,0.8254,0.0026,0.957101,0.624313,0.987762,0.978008,0.880494,0.733975,0.999731,0.968208,46.445,25706476.0,5.015,0.938272,0.9924,0.0017,0.913,0.0588,0.9932,0.0017,553.479,1.007276,5594.0,16824.0,546317.0
3738.0,18213.0,696986.0,3724.0,18148.0,348773.0,6.783,29.558,6.783,29.558,229.483,310.886,9.176808,0.9963,0.001,0.012,3084.0,23.75,0.9964,0.0006,0.9938,0.0011,0.9946,0.0031,0.9937,0.0012,0.9986,0.0005,1.0,0.0,0.9985,0.0006,0.059,0.9985,0.0006,0.996,0.0028,0.9989,0.0006,0.998091,0.770162,1.0,0.998414,0.993061,0.776775,1.0,0.998451,36.315,8333673.0,5.015,0.000511,229.483,0.9955,0.9955,0.0012,0.0012,0.0,0.0,696986.0,1.0,1.0,1.0,0.0,0.0,1.0,11839.0,2.242,0.2859,0.0066,0.4425,0.0217,0.2666,0.0068,23.79,0.5004,0.0006,0.8806,0.0083,0.9914,0.006,0.8609,0.0096,0.7767,0.0027,0.920067,0.510087,0.985485,0.975093,0.817922,0.648988,0.999638,0.936089,94.088,29250514.0,5.015,0.938272,0.9913,0.0027,0.9955,0.0045,0.9903,0.0032,310.886,1.007276,3738.0,18213.0,696986.0
4947.0,29131.0,1196650.0,8425.0,32662.0,605045.0,15.991,40.345,16.021,21.746,396.361,388.299,9.176808,1.0007,0.0,0.013,7344.0,23.75,1.0007,0.0005,0.9956,0.0007,0.9979,0.0015,0.9955,0.0008,0.9979,0.0005,0.9968,0.0019,0.9981,0.0005,0.075,0.9981,0.0005,1.0,0.0,0.9979,0.0006,0.998567,0.778895,0.999274,0.998237,0.995882,0.784067,0.999999,0.999111,49.733,19712168.0,5.015,0.000511,396.361,1.0008,1.0008,0.0,0.0,0.0,0.0,1201762.0,1.0,1.0,1.0,0.0,0.0,1.0,11840.0,3.082,0.2721,0.0049,0.4208,0.0167,0.2545,0.0051,23.79,0.5035,0.0005,0.8815,0.0064,0.9919,0.0046,0.8627,0.0074,0.7789,0.002,0.921024,0.513429,0.983498,0.978231,0.816764,0.653384,0.999641,0.936488,125.963,48911134.0,5.015,0.938272,0.9854,0.0027,0.9888,0.0056,0.9847,0.0031,388.299,1.007276,4947.0,29131.0,1196650.0
9330.0,64959.0,2823910.0,9586.0,65268.0,1417038.0,33.843,53.485,33.844,51.684,632.754,685.586,9.176808,1.0018,0.0,0.014,7084.0,23.75,1.0009,0.0003,0.9942,0.0005,0.9991,0.0006,0.9937,0.0006,0.998,0.0003,0.9991,0.0007,0.9978,0.0004,0.095,0.9973,0.0004,0.9985,0.0009,0.9971,0.0005,0.997961,0.772494,0.999379,0.997868,0.993549,0.779655,0.999999,0.998579,65.659,41545793.0,5.015,0.000511,632.754,1.0018,1.0018,0.0,0.0,0.0,0.0,2824507.0,1.0,1.0,1.0,0.0,0.0,1.0,11841.0,4.119,0.2773,0.0032,0.3997,0.0108,0.2628,0.0034,23.79,0.5017,0.0003,0.8853,0.0041,0.9939,0.0027,0.8682,0.0047,0.7748,0.0014,0.918009,0.509271,0.981405,0.975867,0.813,0.654064,0.999551,0.93531,165.187,113249661.0,5.015,0.938272,0.9933,0.0012,1.0,0.0,0.9918,0.0015,685.586,1.007276,9330.0,64959.0,2823910.0
5765.0,34358.0,1445416.0,9614.0,38183.0,727555.0,19.112,42.348,19.165,22.875,451.304,450.818,9.176808,0.9995,0.0002,0.013,8345.0,23.75,0.9978,0.0004,0.9936,0.0008,0.9982,0.0013,0.9931,0.0009,0.9972,0.0005,1.0,0.0,0.9969,0.0006,0.076,0.9974,0.0006,0.999,0.001,0.9972,0.0006,0.998018,0.758833,0.999191,0.998086,0.994318,0.765252,0.999998,0.998666,52.162,23540914.0,5.015,0.000511,451.304,0.9991,0.9991,0.0002,0.0002,0.0,0.0,1450895.0,1.0,1.0,1.0,0.0,0.0,1.0,11842.0,3.206,0.2817,0.0045,0.4386,0.0153,0.2626,0.0047,23.79,0.5015,0.0004,0.8898,0.0056,1.0,0.0,0.8704,0.0065,0.7751,0.0019,0.918382,0.507128,0.983367,0.976192,0.814786,0.64837,0.999604,0.934873,129.462,58363629.0,5.015,0.938272,0.9908,0.002,0.9978,0.0022,0.9891,0.0024,450.818,1.007276,5765.0,34358.0,1445416.0
8837.0,62103.0,2687110.0,9194.0,62420.0,1346036.0,35.283,54.229,35.285,51.531,650.62,648.616,9.176808,0.9998,0.0002,0.014,6821.0,23.75,0.9993,0.0003,0.9944,0.0005,0.999,0.0007,0.9939,0.0006,0.9982,0.0003,0.9995,0.0005,0.9981,0.0003,0.096,0.998,0.0004,0.9989,0.0008,0.9978,0.0004,0.997923,0.773372,0.998802,0.998076,0.993708,0.780705,0.999998,0.99862,66.745,43425728.0,5.015,0.000511,650.62,0.9995,0.9995,0.0003,0.0003,0.0,0.0,2687611.0,1.0,1.0,1.0,0.0,0.0,1.0,11843.0,4.143,0.2811,0.0034,0.438,0.0113,0.2622,0.0035,23.79,0.5008,0.0003,0.8783,0.0043,0.9907,0.0033,0.8585,0.005,0.776,0.0014,0.916815,0.506896,0.980933,0.973419,0.814206,0.651997,0.999493,0.935343,165.673,107458026.0,5.015,0.938272,0.9889,0.0016,0.9939,0.0027,0.9877,0.0019,648.616,1.007276,8837.0,62103.0,2687110.0
11094.0,67874.0,2853924.0,13405.0,70258.0,1435242.0,37.81,44.185,37.842,34.957,855.728,851.695,9.176808,1.0009,0.0,0.013,10795.0,23.75,1.0008,0.0003,0.9938,0.0006,0.9978,0.001,0.9933,0.0006,0.9974,0.0004,0.9991,0.0006,0.9973,0.0004,0.08,0.9971,0.0004,0.9966,0.0013,0.9971,0.0005,0.997861,0.764388,0.999049,0.998352,0.993281,0.771563,0.999998,0.998465,54.655,46769712.0,5.015,0.000511,855.728,1.0008,1.0008,0.0,0.0,0.0,0.0,2857475.0,1.0,1.0,1.0,0.0,0.0,1.0,11844.0,3.351,0.286,0.0032,0.4273,0.0107,0.2685,0.0034,23.79,0.5023,0.0003,0.888,0.004,0.9967,0.0019,0.8693,0.0046,0.7777,0.0013,0.919714,0.51125,0.982284,0.975738,0.818086,0.652024,0.99957,0.936698,135.51,115413638.0,5.015,0.938272,0.9916,0.0014,0.9966,0.002,0.9904,0.0016,851.695,1.007276,11094.0,67874.0,2853924.0
6212.0,11122.0,4235870.0,9094.0,14001.0,1411963.0,28.217,47.543,28.247,32.007,593.51,591.507,9.176808,0.9981,0.0005,0.011,8776.0,31.645,0.9973,0.0002,0.9892,0.0025,1.0,0.0,0.9871,0.003,0.9982,0.001,1.0,0.0,0.9978,0.0013,0.019,0.9985,0.0011,0.996,0.004,0.9991,0.0009,0.998004,0.756824,0.999439,0.997812,0.994357,0.763217,0.999999,0.998664,34.509,20481502.0,3.738,0.000511,593.51,0.997,0.997,0.0005,0.0005,0.0,0.0,2120444.0,2.0,1.0,1.0,0.0,0.0,1.0,11847.0,7.161,0.2583,0.0037,0.3246,0.0286,0.257,0.0037,18.125,0.3329,0.0002,0.8601,0.0054,1.0,0.0,0.857,0.0055,0.7513,0.0015,0.894541,0.457585,0.977076,0.970894,0.785397,0.614161,0.999333,0.917198,234.373,138633519.0,6.265,0.938272,0.9822,0.0028,1.0,0.0,0.9815,0.0029,591.507,1.007276,6212.0,11122.0,4235870.0
4461.0,9334.0,4244362.0,4435.0,9287.0,1408668.0,11.365,64.522,11.365,64.522,176.143,418.929,9.176808,0.9942,0.0011,0.011,4147.0,31.645,0.995,0.0002,0.9901,0.0025,0.9958,0.0042,0.9892,0.0028,0.9981,0.0011,1.0,0.0,0.9978,0.0013,0.022,0.9976,0.0014,1.0,0.0,0.9971,0.0017,0.997591,0.755137,1.0,0.997175,0.992713,0.762835,1.0,0.998272,46.783,8240444.0,3.738,0.000511,176.143,0.9933,0.9933,0.0013,0.0013,0.0,0.0,2122181.0,2.0,1.0,1.0,0.0,0.0,1.0,11848.0,10.131,0.259,0.0038,0.2882,0.0299,0.2585,0.0038,18.125,0.3319,0.0002,0.8604,0.0055,0.9851,0.0148,0.8583,0.0055,0.7545,0.0015,0.893795,0.457047,0.974444,0.969954,0.787509,0.614041,0.999232,0.917987,320.601,134309218.0,6.265,0.938272,0.9803,0.003,1.0,0.0,0.9798,0.0031,418.929,1.007276,4461.0,9334.0,4244362.0
7878.0,16024.0,7229630.0,8040.0,16182.0,1450274.0,46.913,63.282,46.914,62.107,741.322,739.318,9.176808,1.0004,0.0,0.011,7538.0,31.645,0.9999,0.0001,0.9895,0.002,1.0,0.0,0.988,0.0023,0.9981,0.0008,1.0,0.0,0.9977,0.001,0.022,0.9976,0.0011,0.9973,0.0027,0.9977,0.0012,0.998127,0.758821,0.999662,0.998626,0.993772,0.764886,1.0,0.998536,46.155,34215767.0,3.738,0.000511,741.322,1.0014,1.0014,0.0,0.0,0.0,0.0,2409973.0,3.0,1.0,1.0,0.0,0.0,1.0,11849.0,9.779,0.2564,0.0037,0.346,0.0239,0.2536,0.0037,18.125,0.2006,0.0001,0.8558,0.0054,1.0,0.0,0.8507,0.0056,0.7543,0.0015,0.895629,0.461886,0.976147,0.969879,0.786507,0.620297,0.999282,0.918936,309.456,228786308.0,6.265,0.938272,0.985,0.0026,0.993,0.007,0.9844,0.0027,739.318,1.007276,7878.0,16024.0,7229630.0
6352.0,12594.0,5396797.0,8082.0,14336.0,1085661.0,35.051,58.784,35.084,36.004,596.266,596.266,9.176808,1.0004,0.0,0.011,7669.0,31.645,0.8746,0.0002,0.9905,0.0021,1.0,0.0,0.9886,0.0025,0.9976,0.0011,1.0,0.0,0.9971,0.0013,0.021,0.9975,0.0012,0.9967,0.0033,0.9977,0.0013,0.997474,0.752863,0.999569,0.999143,0.990752,0.76087,1.0,0.997789,43.102,25700269.0,3.738,0.000511,596.266,0.8283,0.8283,0.0033,0.0033,0.0,0.0,1799823.0,3.0,1.0,1.0,0.0,0.0,1.0,11850.0,9.051,0.2515,0.0042,0.3689,0.0266,0.2477,0.0043,18.125,0.2011,0.0002,0.8577,0.0063,1.0,0.0,0.8522,0.0065,0.7486,0.0017,0.89489,0.459186,0.976817,0.970011,0.78611,0.616476,0.999305,0.917968,287.637,171507885.0,6.265,0.938272,0.9817,0.0034,1.0,0.0,0.9804,0.0036,596.266,1.007276,6352.0,12594.0,5396797.0
3525.0,7513.0,3408199.0,3416.0,7286.0,1101271.0,22.076,66.892,22.076,66.892,330.027,330.027,9.176808,0.9691,0.0029,0.011,3188.0,31.645,0.9698,0.0003,0.9919,0.0025,1.0,0.0,0.9905,0.003,0.9968,0.0016,1.0,0.0,0.9962,0.0019,0.023,1.0,0.0,1.0,0.0,1.0,0.0,0.996247,0.738307,0.999271,0.998608,0.987198,0.749471,0.999999,0.996793,48.355,15958475.0,3.738,0.000511,330.027,0.9693,0.9693,0.003,0.003,0.0,0.0,1704100.0,2.0,1.0,1.0,0.0,0.0,1.0,11859.0,10.327,0.2478,0.0043,0.3547,0.0365,0.2459,0.0043,18.125,0.3231,0.0003,0.8397,0.0067,1.0,0.0,0.8363,0.0068,0.7529,0.0017,0.894726,0.460075,0.975663,0.968524,0.787498,0.618257,0.999234,0.918879,326.148,107637532.0,6.265,0.938272,0.9804,0.0035,1.0,0.0,0.9795,0.0037,330.027,1.007276,3525.0,7513.0,3408199.0
9633.0,18238.0,7520774.0,11871.0,20474.0,1512382.0,49.058,53.691,49.08,43.262,913.704,909.698,9.176808,1.0001,0.0,0.011,11302.0,31.645,0.9993,0.0001,0.9903,0.0018,0.998,0.002,0.9887,0.0022,0.9979,0.0009,1.0,0.0,0.9975,0.001,0.02,0.9969,0.0012,1.0,0.0,0.9962,0.0014,0.997557,0.741495,0.99872,0.998722,0.992873,0.748731,0.999998,0.998209,39.257,35869426.0,3.738,0.000511,913.704,0.9997,0.9997,0.0002,0.0002,0.0,0.0,2508282.0,3.0,1.0,1.0,0.0,0.0,1.0,11860.0,8.267,0.2473,0.0036,0.3282,0.022,0.2446,0.0036,18.125,0.201,0.0001,0.8527,0.0055,1.0,0.0,0.8474,0.0057,0.752,0.0014,0.898028,0.465313,0.976015,0.97152,0.790836,0.620512,0.999317,0.920625,264.79,240878941.0,6.265,0.938272,0.9814,0.0028,1.0,0.0,0.9802,0.003,909.698,1.007276,9633.0,18238.0,7520774.0
4679.0,9637.0,4471388.0,6870.0,11842.0,898990.0,28.953,65.866,28.969,43.903,439.57,439.57,9.176808,0.9994,0.0003,0.011,6573.0,31.645,1.0,0.0002,0.9893,0.0025,1.0,0.0,0.988,0.0029,0.9964,0.0015,1.0,0.0,0.9957,0.0017,0.022,0.9969,0.0015,1.0,0.0,0.9963,0.0018,0.99756,0.73857,1.0,0.998326,0.992104,0.745697,1.0,0.997992,48.239,21204421.0,3.738,0.000511,439.57,0.9993,0.9993,0.0003,0.0003,0.0,0.0,1491326.0,3.0,1.0,1.0,0.0,0.0,1.0,11861.0,10.172,0.2467,0.0047,0.3882,0.0317,0.2426,0.0047,18.125,0.2009,0.0002,0.8425,0.0073,0.9892,0.0107,0.8368,0.0076,0.7547,0.0019,0.893322,0.455995,0.974758,0.971549,0.784301,0.613925,0.999282,0.916724,321.375,141266721.0,6.265,0.938272,0.9807,0.0038,0.9897,0.0103,0.9799,0.0041,439.57,1.007276,4679.0,9637.0,4471388.0
3038.0,5354.0,2018635.0,3848.0,6165.0,404940.0,13.446,46.543,13.466,36.277,288.901,288.901,9.176808,0.9974,0.0008,0.011,3689.0,31.645,0.9966,0.0003,0.987,0.0041,1.0,0.0,0.9843,0.0049,0.9974,0.0019,0.9926,0.0073,0.9984,0.0016,0.019,0.9951,0.0028,0.975,0.0143,1.0,0.0,0.997663,0.766399,0.998852,0.995392,0.995475,0.774336,0.999995,0.998979,34.696,10023623.0,3.738,0.000511,288.901,0.9965,0.9965,0.0009,0.0009,0.0,0.0,673757.0,3.0,1.0,1.0,0.0,0.0,1.0,11863.0,6.987,0.2542,0.0069,0.3281,0.0415,0.2516,0.0069,18.125,0.2003,0.0003,0.865,0.0099,1.0,0.0,0.8599,0.0103,0.7435,0.0028,0.868791,0.434092,0.977638,0.901566,0.788731,0.624421,0.997799,0.920652,229.318,66250088.0,6.265,0.938272,0.9885,0.0043,1.0,0.0,0.9877,0.0046,288.901,1.007276,3038.0,5354.0,2018635.0
5163.0,9747.0,4097362.0,7636.0,12233.0,823883.0,26.695,54.114,26.713,36.189,493.317,489.315,9.176808,0.9995,0.0003,0.011,7352.0,31.645,0.9989,0.0002,0.9903,0.0026,1.0,0.0,0.9884,0.0031,0.9972,0.0014,1.0,0.0,0.9966,0.0017,0.02,0.9973,0.0016,0.9948,0.0052,0.9978,0.0016,0.996376,0.712882,0.998793,0.998786,0.989415,0.722256,0.999999,0.99706,39.85,19658463.0,3.738,0.000511,493.317,0.9992,0.9992,0.0003,0.0003,0.0,0.0,1366977.0,3.0,1.0,1.0,0.0,0.0,1.0,11864.0,8.374,0.2555,0.0049,0.3393,0.0316,0.253,0.005,18.125,0.2009,0.0002,0.8459,0.0074,1.0,0.0,0.8408,0.0076,0.7504,0.002,0.884207,0.447173,0.976637,0.941659,0.791979,0.613952,0.998637,0.919694,267.786,131031386.0,6.265,0.938272,0.98,0.0041,1.0,0.0,0.9787,0.0044,489.315,1.007276,5163.0,9747.0,4097362.0
5272.0,10801.0,4908313.0,5582.0,11103.0,983700.0,31.557,63.946,31.559,60.044,493.491,493.491,9.176808,0.9982,0.0006,0.011,5228.0,31.645,0.9984,0.0002,0.9904,0.0023,0.9968,0.0032,0.9898,0.0026,0.996,0.0015,0.9968,0.0032,0.9959,0.0017,0.022,0.9956,0.0018,0.9886,0.0065,0.9973,0.0016,0.997634,0.744251,0.998984,0.997984,0.993561,0.751351,0.999998,0.998399,46.523,22958478.0,3.738,0.000511,493.491,0.9982,0.9982,0.0006,0.0006,0.0,0.0,1636234.0,3.0,1.0,1.0,0.0,0.0,1.0,11865.0,9.946,0.2514,0.0045,0.3658,0.0279,0.2476,0.0045,18.125,0.2004,0.0002,0.8535,0.0068,1.0,0.0,0.8474,0.007,0.755,0.0018,0.896085,0.46115,0.975063,0.972353,0.788031,0.617223,0.999311,0.918863,311.863,153901437.0,6.265,0.938272,0.9861,0.0031,0.99,0.0099,0.9858,0.0032,493.491,1.007276,5272.0,10801.0,4908313.0
2787.0,5886.0,2800906.0,2772.0,5841.0,558215.0,6.555,69.227,6.555,69.227,94.683,259.71,9.176808,0.9946,0.0014,0.011,2572.0,31.645,0.9924,0.0002,0.988,0.0034,1.0,0.0,0.9856,0.0041,0.997,0.0017,0.9939,0.006,0.9976,0.0017,0.023,1.0,0.0,1.0,0.0,1.0,0.0,0.997157,0.747006,1.0,0.998268,0.990126,0.755764,1.0,0.997588,50.301,4762676.0,3.738,0.000511,94.683,0.9938,0.9938,0.0015,0.0015,0.0,0.0,933635.0,3.0,1.0,1.0,0.0,0.0,1.0,11866.0,10.785,0.2632,0.0061,0.3091,0.036,0.2618,0.0062,18.125,0.1993,0.0002,0.8523,0.0088,1.0,0.0,0.8475,0.0091,0.7575,0.0024,0.897354,0.464545,0.976019,0.97234,0.787582,0.621521,0.999337,0.919604,336.436,87375953.0,6.265,0.938272,0.9844,0.0043,1.0,0.0,0.9835,0.0045,259.71,1.007276,2787.0,5886.0,2800906.0
9655.0,19527.0,8997550.0,10665.0,20545.0,1806075.0,57.954,63.876,57.971,57.417,907.29,907.295,9.176808,0.9993,0.0003,0.011,10058.0,31.645,0.9993,0.0001,0.9912,0.0016,1.0,0.0,0.9899,0.0019,0.9951,0.0012,0.9981,0.0019,0.9946,0.0014,0.022,0.9988,0.0007,1.0,0.0,0.9986,0.0008,0.99706,0.732337,0.999439,0.99889,0.990363,0.7407,0.999999,0.997501,46.714,42383262.0,3.738,0.000511,907.29,0.9997,0.9997,0.0002,0.0002,0.0,0.0,2999789.0,3.0,1.0,1.0,0.0,0.0,1.0,11867.0,9.917,0.2548,0.0034,0.324,0.0209,0.2527,0.0034,18.125,0.2007,0.0001,0.8601,0.0049,0.9939,0.0061,0.8558,0.005,0.7535,0.0013,0.89466,0.458236,0.975896,0.971546,0.785667,0.615154,0.999314,0.917515,311.363,282497986.0,6.265,0.938272,0.9793,0.0027,0.9873,0.0089,0.9788,0.0029,907.295,1.007276,9655.0,19527.0,8997550.0
7882.0,16717.0,7961443.0,7892.0,16731.0,1598048.0,50.916,69.299,50.916,69.299,734.727,736.728,9.176808,1.0013,0.0,0.011,7353.0,31.645,1.0008,0.0001,0.9908,0.0018,0.9979,0.0021,0.9894,0.0021,0.9945,0.0014,1.0,0.0,0.9934,0.0016,0.023,0.9973,0.0011,0.9976,0.0024,0.9973,0.0012,0.997391,0.760554,0.99909,0.998199,0.991466,0.769184,0.999998,0.99803,50.524,37121077.0,3.738,0.000511,734.727,1.0016,1.0016,0.0,0.0,0.0,0.0,2653814.0,3.0,1.0,1.0,0.0,0.0,1.0,11868.0,10.806,0.2556,0.0036,0.3671,0.0229,0.2522,0.0036,18.125,0.2007,0.0001,0.8535,0.0053,1.0,0.0,0.8479,0.0055,0.753,0.0014,0.893921,0.455401,0.975887,0.970945,0.787371,0.610408,0.999299,0.917162,336.972,248256183.0,6.265,0.938272,0.9845,0.0026,1.0,0.0,0.9833,0.0028,736.728,1.007276,7882.0,16717.0,7961443.0
10724.0,22400.0,10616948.0,11038.0,22713.0,2128530.0,68.085,67.466,68.087,65.64,1009.179,1005.092,9.176808,0.9993,0.0003,0.011,10332.0,31.645,0.9995,0.0001,0.991,0.0015,0.9951,0.0028,0.9903,0.0017,0.9974,0.0008,1.0,0.0,0.9969,0.001,0.022,0.9983,0.0007,0.9963,0.0026,0.9988,0.0007,0.996987,0.742451,0.9993,0.998147,0.990481,0.751504,0.999999,0.997634,49.453,49906629.0,3.738,0.000511,1009.179,0.9996,0.9996,0.0002,0.0002,0.0,0.0,3539508.0,3.0,1.0,1.0,0.0,0.0,1.0,11870.0,10.563,0.2546,0.0031,0.3104,0.0194,0.2529,0.0031,18.125,0.2005,0.0001,0.8574,0.0045,0.9943,0.0056,0.8532,0.0047,0.7521,0.0012,0.895275,0.459941,0.975707,0.969676,0.788762,0.616326,0.999263,0.918953,329.182,330857619.0,6.265,0.938272,0.9783,0.0026,1.0,0.0,0.977,0.0028,1005.092,1.007276,10724.0,22400.0,10616948.0
9631.0,19843.0,9099746.0,10561.0,20772.0,1823636.0,54.975,64.284,54.993,57.916,855.192,904.481,9.176808,0.9991,0.0003,0.011,9945.0,31.645,0.9989,0.0001,0.9917,0.0016,0.9981,0.0019,0.9905,0.0018,0.9961,0.0011,0.9981,0.0019,0.9958,0.0012,0.022,0.9981,0.0008,1.0,0.0,0.9977,0.001,0.997043,0.740216,0.99946,0.998665,0.990131,0.748999,0.999999,0.997523,47.318,40465761.0,3.738,0.000511,855.192,0.999,0.999,0.0003,0.0003,0.0,0.0,3033758.0,3.0,1.0,1.0,0.0,0.0,1.0,11871.0,10.061,0.2536,0.0033,0.3294,0.0208,0.2513,0.0034,18.125,0.2004,0.0001,0.8627,0.0048,1.0,0.0,0.8581,0.005,0.7534,0.0013,0.896065,0.460824,0.976951,0.972039,0.786288,0.617159,0.999356,0.918182,314.323,284299134.0,6.265,0.938272,0.9815,0.0026,0.9937,0.0063,0.9807,0.0027,904.481,1.007276,9631.0,19843.0,9099746.0
9815.0,20147.0,9243429.0,11375.0,21715.0,1854871.0,59.428,64.583,59.44,55.307,920.185,918.18,9.176808,1.0001,0.0,0.011,10708.0,31.645,0.9998,0.0001,0.9913,0.0016,0.9964,0.0025,0.9902,0.0019,0.9961,0.0011,0.9964,0.0025,0.996,0.0012,0.022,0.9969,0.0011,0.9979,0.0021,0.9966,0.0013,0.99663,0.726426,0.999475,0.998965,0.988837,0.735773,0.999999,0.99705,47.346,43566992.0,3.738,0.000511,920.185,0.9998,0.9998,0.0001,0.0001,0.0,0.0,3081771.0,3.0,1.0,1.0,0.0,0.0,1.0,11872.0,10.067,0.2539,0.0033,0.3021,0.0199,0.2523,0.0033,18.125,0.2006,0.0001,0.8527,0.0049,0.9938,0.0062,0.8481,0.0051,0.7545,0.0013,0.895044,0.46022,0.975574,0.97069,0.785987,0.618315,0.999284,0.918314,314.306,288589491.0,6.265,0.938272,0.9836,0.0024,1.0,0.0,0.9826,0.0025,918.18,1.007276,9815.0,20147.0,9243429.0
8965.0,17995.0,7996953.0,10459.0,19451.0,1599656.0,51.657,61.153,51.674,51.921,844.715,842.704,9.176808,0.9977,0.0005,0.011,9890.0,31.645,0.9963,0.0001,0.9914,0.0017,0.9979,0.0021,0.9901,0.002,0.9948,0.0013,1.0,0.0,0.9938,0.0016,0.021,0.9995,0.0005,1.0,0.0,0.9994,0.0006,0.99757,0.744218,0.999381,0.997605,0.99328,0.751517,0.999999,0.99833,44.996,38008699.0,3.738,0.000511,844.715,0.9968,0.9968,0.0005,0.0005,0.0,0.0,2666626.0,3.0,1.0,1.0,0.0,0.0,1.0,11873.0,9.49,0.2549,0.0035,0.3481,0.0224,0.252,0.0036,18.125,0.2,0.0001,0.8527,0.0053,0.9937,0.0063,0.8478,0.0054,0.7523,0.0014,0.894909,0.46087,0.974751,0.97016,0.786122,0.619942,0.999247,0.918714,297.532,250731719.0,6.265,0.938272,0.979,0.0029,0.9863,0.0096,0.9786,0.003,842.704,1.007276,8965.0,17995.0,7996953.0
8685.0,17373.0,7708943.0,11793.0,20480.0,1544869.0,49.68,60.684,49.703,43.995,818.659,814.65,9.176808,0.9975,0.0005,0.011,11235.0,31.645,0.997,0.0001,0.9941,0.0014,0.9959,0.0029,0.9937,0.0016,0.9962,0.0012,0.9959,0.0029,0.9962,0.0013,0.021,0.9973,0.0011,0.9976,0.0024,0.9973,0.0012,0.996666,0.735026,0.999371,0.997495,0.990137,0.744681,0.999998,0.997482,44.632,36538330.0,3.738,0.000511,818.659,0.9972,0.9972,0.0004,0.0004,0.0,0.0,2571033.0,3.0,1.0,1.0,0.0,0.0,1.0,11874.0,9.463,0.2561,0.0036,0.324,0.0217,0.2538,0.0036,18.125,0.2003,0.0001,0.8516,0.0053,0.9805,0.0111,0.8469,0.0055,0.7512,0.0014,0.894139,0.457498,0.975789,0.970652,0.785679,0.614786,0.999289,0.917441,296.224,241319005.0,6.265,0.938272,0.9766,0.0032,1.0,0.0,0.975,0.0034,814.65,1.007276,8685.0,17373.0,7708943.0
15061.0,30995.0,14413047.0,18820.0,34780.0,130648.0,92.731,65.996,92.766,52.045,1405.097,1405.097,9.176808,0.9999,0.0001,0.011,17762.0,31.645,0.9999,0.0,0.9923,0.0012,0.9966,0.0019,0.9914,0.0014,0.9964,0.0008,0.9989,0.0011,0.9959,0.001,0.022,0.9968,0.0009,0.9974,0.0018,0.9967,0.001,0.996807,0.737795,0.9988,0.997078,0.991571,0.747144,0.999996,0.997869,48.273,67828333.0,3.738,0.000511,1405.097,1.0,1.0,0.0,0.0,0.0,0.0,1802300.0,8.0,1.0,1.0,0.0,0.0,1.0,11875.0,10.258,0.2778,0.0104,0.3112,0.0159,0.2503,0.0137,18.125,0.0091,0.0,0.9245,0.0112,0.9962,0.0038,0.8591,0.0204,0.7822,0.0048,0.913352,0.504454,0.978868,0.973757,0.801262,0.6605,0.999445,0.932528,319.173,448468635.0,6.265,0.938272,0.9847,0.0062,0.988,0.0069,0.9787,0.0122,1405.097,1.007276,15061.0,30995.0,14413047.0
14670.0,30015.0,13505408.0,19250.0,34628.0,124047.0,87.115,63.255,87.159,47.452,1377.194,1377.194,9.176808,1.0,0.0,0.011,18304.0,31.645,0.9999,0.0,0.9911,0.0013,0.9988,0.0012,0.9896,0.0015,0.9967,0.0008,1.0,0.0,0.996,0.001,0.022,0.9977,0.0008,0.9971,0.002,0.9978,0.0008,0.996595,0.73586,0.998938,0.998089,0.989642,0.745778,0.999998,0.997367,46.449,63969849.0,3.738,0.000511,1377.194,1.0,1.0,0.0,0.0,0.0,0.0,1689024.0,8.0,1.0,1.0,0.0,0.0,1.0,11876.0,9.806,0.2798,0.0106,0.3316,0.0168,0.2385,0.0135,18.125,0.0092,0.0,0.9174,0.0118,0.9962,0.0038,0.844,0.0216,0.7725,0.005,0.912012,0.494916,0.975525,0.975806,0.810879,0.641169,0.999408,0.932138,306.278,421804725.0,6.265,0.938272,0.9975,0.0025,1.0,0.0,0.9933,0.0067,1377.194,1.007276,14670.0,30015.0,13505408.0
18291.0,38062.0,17555467.0,19952.0,39732.0,156146.0,112.876,65.945,112.896,60.107,1711.671,1711.671,9.176808,1.0001,0.0,0.011,18720.0,31.645,1.0,0.0,0.9906,0.0012,0.9962,0.0019,0.9895,0.0014,0.9957,0.0008,0.999,0.001,0.9951,0.0009,0.022,0.9973,0.0007,0.9978,0.0015,0.9972,0.0008,0.997345,0.743958,0.998774,0.998214,0.992361,0.751949,0.999998,0.998105,48.263,82610416.0,3.738,0.000511,1711.671,1.0001,1.0001,0.0,0.0,0.0,0.0,2194817.0,8.0,1.0,1.0,0.0,0.0,1.0,11877.0,10.256,0.2959,0.0096,0.3444,0.0151,0.2554,0.0123,18.125,0.0089,0.0,0.9127,0.0104,0.9971,0.0029,0.8381,0.0188,0.7838,0.0043,0.918172,0.514769,0.977458,0.973022,0.815239,0.663906,0.999392,0.937903,318.918,545882268.0,6.265,0.938272,0.9902,0.0044,0.9941,0.0042,0.982,0.0103,1711.671,1.007276,18291.0,38062.0,17555467.0
20567.0,42025.0,19180247.0,23224.0,44706.0,172008.0,123.529,64.117,123.56,56.334,1926.607,1926.607,9.176808,1.0,0.0,0.011,21857.0,31.645,1.0,0.0,0.9925,0.001,0.9991,0.0009,0.9913,0.0012,0.9974,0.0006,1.0,0.0,0.9969,0.0007,0.022,0.9976,0.0007,0.9979,0.0014,0.9975,0.0007,0.996973,0.732496,0.999355,0.998203,0.990795,0.74111,0.999999,0.997617,47.027,90602247.0,3.738,0.000511,1926.607,1.0,1.0,0.0,0.0,0.0,0.0,2398100.0,8.0,1.0,1.0,0.0,0.0,1.0,11878.0,9.955,0.2857,0.009,0.3248,0.0139,0.2536,0.0117,18.125,0.009,0.0,0.9258,0.0094,0.9892,0.0053,0.8673,0.0168,0.7763,0.0042,0.917651,0.512177,0.978419,0.975181,0.811873,0.661183,0.999464,0.93626,310.512,598235582.0,6.265,0.938272,0.9914,0.0038,0.9971,0.0029,0.9831,0.0084,1926.607,1.007276,20567.0,42025.0,19180247.0
18773.0,25385.0,3100877.0,20252.0,26878.0,44170.0,69.574,37.011,69.594,34.311,1879.832,1879.832,9.176808,1.0,0.0,0.01,20212.0,31.645,1.0,0.0001,0.9866,0.0027,1.0,0.0,0.9865,0.0027,0.9866,0.0027,1.0,0.0,0.9864,0.0028,0.014,0.9986,0.001,1.0,0.0,0.9986,0.001,0.997146,0.744368,0.99919,1.0,0.989269,0.753052,1.0,0.99735,11.039,20750968.0,3.738,0.000511,1879.832,0.9999,0.9999,0.0,0.0,0.0,0.0,387877.0,8.0,1.0,1.0,0.0,0.0,1.0,11879.0,1.65,0.2868,0.023,0.2,0.0894,0.2916,0.0237,18.125,0.0142,0.0001,0.925,0.024,1.0,0.0,0.9304,0.0237,0.7667,0.0101,0.934451,0.546438,0.989862,0.98289,0.829405,0.677165,0.999827,0.944926,70.137,131845820.0,6.265,0.938272,1.0,0.0,1.0,0.0,1.0,0.0,1879.832,1.007276,18773.0,25385.0,3100877.0
23037.0,184327.0,8466381.0,24991.0,186311.0,281816.0,109.383,68.442,109.402,60.99,1598.178,1598.178,9.176808,1.0001,0.0,0.014,17877.0,23.75,1.0001,0.0001,0.9936,0.0003,0.9985,0.0005,0.9931,0.0004,0.9973,0.0002,0.9967,0.0007,0.9974,0.0002,0.115,0.9974,0.0002,0.9985,0.0005,0.9972,0.0003,0.997641,0.759007,0.999035,0.99755,0.993361,0.766696,0.999998,0.998451,84.33,134774688.0,5.015,0.000511,1598.178,1.0001,1.0001,0.0,0.0,0.0,0.0,1411500.0,6.0,1.0,1.0,0.0,0.0,1.0,11880.0,5.298,0.3685,0.0051,0.4236,0.0065,0.2645,0.008,23.8,0.0333,0.0001,0.9601,0.0034,0.9939,0.0016,0.8703,0.011,0.8309,0.0025,0.95379,0.613536,0.98933,0.983277,0.861828,0.731817,0.999822,0.962945,205.078,327750511.0,5.015,0.13957,0.9927,0.0016,0.9941,0.0016,0.9873,0.0045,1598.178,1.007276,23037.0,184327.0,8466381.0
24219.0,190004.0,8637620.0,27442.0,193289.0,289374.0,111.74,66.623,111.779,55.881,1677.187,1677.187,9.176808,1.0,0.0,0.014,19935.0,23.75,1.0001,0.0001,0.9934,0.0003,0.9983,0.0005,0.9928,0.0004,0.9976,0.0002,0.9983,0.0005,0.9975,0.0002,0.113,0.9979,0.0002,0.9988,0.0005,0.9978,0.0002,0.997753,0.76189,0.99903,0.99781,0.99347,0.769327,0.999998,0.998494,82.386,138177466.0,5.015,0.000511,1677.187,1.0001,1.0001,0.0,0.0,0.0,0.0,1440421.0,6.0,1.0,1.0,0.0,0.0,1.0,11881.0,5.15,0.3786,0.0051,0.4278,0.0063,0.2765,0.0082,23.8,0.0335,0.0001,0.9587,0.0033,0.9936,0.0015,0.8637,0.0111,0.8291,0.0025,0.95497,0.618757,0.985909,0.985321,0.865321,0.736085,0.999793,0.964456,199.625,334808459.0,5.015,0.13957,0.9937,0.0014,0.9956,0.0013,0.9859,0.0047,1677.187,1.007276,24219.0,190004.0,8637620.0
7575.0,20148.0,634220.0,9613.0,22208.0,28620.0,24.641,32.832,24.669,25.829,750.508,750.508,9.176808,1.0,0.0,0.01,9518.0,23.75,0.9999,0.0003,0.9833,0.0019,0.9859,0.014,0.9833,0.0019,0.9983,0.0006,1.0,0.0,0.9983,0.0006,0.027,0.9984,0.0007,1.0,0.0,0.9984,0.0007,0.998047,0.761678,0.999307,0.999333,0.992961,0.768122,1.0,0.998368,16.005,12012004.0,5.015,0.000511,750.508,1.0,1.0,0.0,0.0,0.0,0.0,106158.0,6.0,1.0,1.0,0.0,0.0,1.0,11882.0,0.845,0.4057,0.0222,0.5,0.0635,0.3906,0.0237,23.8,0.0449,0.0003,0.9565,0.0142,1.0,0.0,0.9486,0.0167,0.8286,0.0095,0.962992,0.647069,0.987261,0.985199,0.885305,0.751453,0.999811,0.971493,39.564,29693457.0,5.015,0.13957,0.9916,0.0059,1.0,0.0,0.9902,0.0069,750.508,1.007276,7575.0,20148.0,634220.0
2804.0,16277.0,250071.0,3505.0,10309.0,11038.0,5.324,60.9,5.328,33.785,87.415,93.748,5.988383,1.0,0.0,0.03,1572.0,28.285,0.6065,0.0004,0.9936,0.0012,0.9983,0.001,0.99,0.002,0.9976,0.0008,0.9989,0.0008,0.9966,0.0012,0.174,0.9983,0.0007,0.9988,0.0008,0.9979,0.0011,0.998556,0.809581,0.998719,0.998411,0.99508,0.815924,0.999998,0.999094,53.692,4693499.0,3.4,0.000511,87.415,0.9316,0.9316,0.0047,0.0047,0.0,16997.0,41849.0,6.0,1.0,1.0,1.0,0.0,1.0,13054.0,2.667,0.7208,0.0099,0.7366,0.0104,0.6102,0.0306,28.28,0.044,0.0004,0.9933,0.0021,0.994,0.0021,0.9873,0.009,0.972,0.0035,0.99168,0.833333,0.991955,0.983713,0.9545,0.894709,0.999869,0.995209,98.695,9252529.0,3.4,0.938272,0.9943,0.002,0.9941,0.0022,1.0,0.0,93.748,1.007276,2804.0,16277.0,250071.0
44773.0,262041.0,4097926.0,49424.0,158228.0,172726.0,87.151,64.162,87.178,47.85,1358.302,1360.397,5.988383,1.0001,0.0,0.033,18155.0,28.285,0.593,0.0001,0.9946,0.0003,0.9978,0.0003,0.9921,0.0005,0.9979,0.0002,0.9983,0.0002,0.9976,0.0003,0.193,0.9976,0.0002,0.9978,0.0003,0.9975,0.0003,0.998378,0.817344,0.998951,0.997941,0.993924,0.824902,0.999998,0.998936,56.382,76583235.0,3.4,0.000511,1358.302,0.9969,0.9969,0.0004,0.0004,0.0,266842.0,684143.0,6.0,1.0,1.0,1.0,0.0,1.0,13055.0,3.012,0.7189,0.0025,0.7289,0.0026,0.6474,0.0075,28.28,0.0421,0.0001,0.9938,0.0005,0.9944,0.0005,0.9892,0.002,0.9751,0.0008,0.99095,0.826738,0.98936,0.984366,0.953559,0.890245,0.999834,0.994903,105.541,143577258.0,3.4,0.938272,0.9967,0.0004,0.9966,0.0004,0.9973,0.0008,1360.397,1.007276,44773.0,262041.0,4097926.0
62583.0,367726.0,5761670.0,68251.0,220822.0,241698.0,122.476,64.429,122.514,49.622,1900.944,1907.803,5.988383,1.0001,0.0,0.033,24608.0,28.285,0.5911,0.0001,0.9946,0.0002,0.9981,0.0002,0.9919,0.0004,0.9975,0.0002,0.998,0.0002,0.9971,0.0002,0.193,0.9977,0.0002,0.9979,0.0002,0.9976,0.0002,0.99832,0.815772,0.998873,0.998067,0.993619,0.823529,0.999998,0.998874,56.848,108065129.0,3.4,0.000511,1900.944,0.9977,0.9977,0.0003,0.0003,0.0,373580.0,961673.0,6.0,1.0,1.0,1.0,0.0,1.0,13056.0,3.02,0.7191,0.0021,0.729,0.0022,0.651,0.0062,28.28,0.0419,0.0001,0.9937,0.0004,0.9943,0.0004,0.9887,0.0017,0.9752,0.0007,0.991074,0.827216,0.990621,0.984356,0.953094,0.890068,0.999853,0.994844,105.627,201515345.0,3.4,0.938272,0.9966,0.0003,0.9965,0.0004,0.9971,0.0007,1907.803,1.007276,62583.0,367726.0,5761670.0
6627.0,30382.0,582879.0,6627.0,18525.0,24076.0,24.846,38.923,24.846,38.923,638.329,643.501,5.988383,1.0,0.0,0.01,6361.0,28.285,0.6097,0.0003,0.9696,0.0024,0.9862,0.0079,0.9689,0.0025,0.996,0.0009,1.0,0.0,0.9958,0.001,0.047,0.9961,0.001,1.0,0.0,0.9959,0.001,0.998015,0.76727,0.999286,0.9993,0.992657,0.77404,1.0,0.998341,14.899,9510735.0,3.4,0.000511,638.329,0.9919,0.9919,0.0011,0.0011,0.0,30382.0,97146.0,6.0,1.0,1.0,1.0,0.0,1.0,13057.0,0.906,0.6746,0.0107,0.6804,0.0315,0.6735,0.0113,28.28,0.0413,0.0003,0.9931,0.0023,0.9933,0.0066,0.9931,0.0024,0.9753,0.0029,0.988509,0.768032,0.992781,0.983423,0.9648,0.815358,0.99988,0.993501,29.175,18774059.0,3.4,0.938272,0.9967,0.0015,0.9925,0.0074,0.9971,0.0014,643.501,1.007276,6627.0,30382.0,582879.0
42056.0,256851.0,4451816.0,45520.0,153104.0,179576.0,91.026,63.551,91.046,51.105,1432.339,1441.071,5.988383,1.0,0.0,0.029,17755.0,29.17,0.5879,0.0001,0.9841,0.0005,0.9937,0.0005,0.9778,0.0007,0.9977,0.0002,0.998,0.0003,0.9975,0.0003,0.178,0.9979,0.0002,0.998,0.0003,0.9978,0.0003,0.998353,0.807045,0.999028,0.998075,0.994097,0.814195,0.999998,0.998903,52.83,75670958.0,3.271,0.000511,1432.339,0.9955,0.9955,0.0005,0.0005,0.0,260423.0,742782.0,6.0,1.0,1.0,1.0,0.0,1.0,13058.0,3.089,0.6935,0.0027,0.7019,0.0029,0.6422,0.0074,27.495,0.0403,0.0001,0.9941,0.0005,0.9953,0.0005,0.9859,0.0022,0.9697,0.0009,0.989829,0.818715,0.988844,0.982662,0.949088,0.887758,0.999807,0.994285,110.387,159075592.0,3.493,0.938272,0.9965,0.0004,0.9965,0.0005,0.9964,0.001,1441.071,1.007276,42056.0,256851.0,4451816.0
3413.0,20635.0,361342.0,3681.0,12299.0,14585.0,7.388,61.655,7.389,50.367,119.823,128.054,5.988383,1.0003,0.0,0.027,1463.0,29.17,0.5882,0.0003,0.9821,0.0018,0.9928,0.0019,0.9752,0.0028,0.9977,0.0007,0.999,0.0007,0.9968,0.001,0.161,0.9977,0.0007,0.9969,0.0013,0.9984,0.0008,0.998206,0.801175,0.998282,0.99851,0.993904,0.80868,0.999997,0.998834,50.852,6093233.0,3.271,0.000511,119.823,0.9276,0.9276,0.006,0.006,0.0,20911.0,60289.0,6.0,1.0,1.0,1.0,0.0,1.0,13060.0,2.822,0.6947,0.0094,0.7121,0.01,0.5983,0.0258,27.495,0.0403,0.0003,0.997,0.0013,0.9986,0.001,0.9863,0.0079,0.9707,0.0032,0.9891,0.812024,0.991855,0.98172,0.943109,0.884243,0.999851,0.993414,107.687,13789795.0,3.493,0.938272,0.9976,0.0012,0.997,0.0015,1.0,0.0,128.054,1.007276,3413.0,20635.0,361342.0
57507.0,344192.0,5956557.0,67435.0,210928.0,246888.0,121.844,60.507,121.915,40.541,2013.737,2018.551,5.988383,1.0001,0.0,0.028,29969.0,29.17,0.5951,0.0001,0.9839,0.0004,0.9928,0.0005,0.978,0.0006,0.9977,0.0002,0.9981,0.0002,0.9975,0.0002,0.171,0.9975,0.0002,0.9973,0.0003,0.9977,0.0002,0.998633,0.812164,0.999298,0.998253,0.994972,0.818271,0.999999,0.999086,50.391,101473740.0,3.271,0.000511,2013.737,0.9977,0.9977,0.0002,0.0002,0.0,354446.0,995248.0,6.0,1.0,1.0,1.0,0.0,1.0,13061.0,2.951,0.6833,0.0023,0.6941,0.0025,0.6175,0.0064,27.495,0.0413,0.0001,0.9943,0.0005,0.9952,0.0004,0.9886,0.0018,0.9706,0.0008,0.990571,0.825877,0.988084,0.982967,0.952429,0.892791,0.999797,0.9949,105.232,212415968.0,3.493,0.938272,0.9961,0.0004,0.9963,0.0004,0.9952,0.001,2018.551,1.007276,57507.0,344192.0,5956557.0
7584.0,33035.0,660785.0,7824.0,20624.0,27640.0,28.227,38.547,28.23,37.324,732.274,737.437,5.988383,1.0,0.0,0.01,7537.0,29.17,0.6196,0.0002,0.9649,0.0025,0.9552,0.0139,0.9654,0.0026,0.9961,0.0009,1.0,0.0,0.9959,0.0009,0.045,0.9956,0.001,0.9946,0.0054,0.9957,0.001,0.997506,0.76074,0.998511,0.999363,0.991376,0.768993,0.999999,0.998008,13.933,10203092.0,3.271,0.000511,732.274,0.9931,0.9931,0.0009,0.0009,0.0,33284.0,110187.0,6.0,1.0,1.0,1.0,0.0,1.0,13062.0,0.896,0.6702,0.0106,0.6561,0.032,0.672,0.0112,27.495,0.0418,0.0002,0.997,0.0015,1.0,0.0,0.9966,0.0017,0.971,0.003,0.982688,0.753878,0.990064,0.970898,0.947235,0.827954,0.999711,0.990922,30.377,22401352.0,3.493,0.938272,0.9968,0.0014,1.0,0.0,0.9965,0.0016,737.437,1.007276,7584.0,33035.0,660785.0
11248.0,49446.0,986338.0,12166.0,31251.0,120538.0,42.084,38.471,42.089,35.542,1093.898,1096.927,5.988383,0.9999,0.0001,0.01,11799.0,29.17,0.6203,0.0003,0.9946,0.0008,1.0,0.0,0.9944,0.0009,0.996,0.0007,0.9966,0.0034,0.996,0.0007,0.045,0.9986,0.0005,0.9917,0.0059,0.9988,0.0004,0.997413,0.755369,0.999466,0.99836,0.99127,0.763681,0.999999,0.997937,13.915,15222125.0,3.271,0.000511,1093.898,0.9953,0.9953,0.0006,0.0006,0.0,50377.0,246918.0,4.0,1.0,1.0,1.0,0.0,1.0,13128.0,0.899,0.6768,0.0047,0.7032,0.0259,0.676,0.0047,27.505,0.122,0.0003,0.9931,0.001,0.9954,0.0046,0.9932,0.001,0.9655,0.0014,0.987032,0.774425,0.990944,0.979739,0.957187,0.833342,0.999817,0.992865,30.404,33350962.0,3.493,0.938272,0.9973,0.0006,1.0,0.0,0.9972,0.0006,1096.927,1.007276,11248.0,49446.0,986338.0
7779.0,58942.0,2864308.0,9982.0,35598.0,54080.0,36.416,60.464,36.423,44.239,602.287,602.287,9.883815,1.0,0.0,0.013,8204.0,23.05,0.5818,0.0001,0.9875,0.0012,0.9953,0.0018,0.9859,0.0014,0.9972,0.0006,0.9973,0.0013,0.9971,0.0006,0.098,0.9974,0.0006,0.997,0.0015,0.9975,0.0007,0.99745,0.762478,0.999292,0.997751,0.991882,0.770998,0.999998,0.998141,79.684,47992741.0,5.366,0.000511,602.287,0.9906,0.9906,0.0009,0.0009,0.0,61182.0,409618.0,7.0,1.0,1.0,1.0,0.0,1.0,13164.0,4.756,0.4009,0.0118,0.4173,0.0132,0.3269,0.0266,23.05,0.0189,0.0001,0.9438,0.0085,0.9932,0.0034,0.7338,0.0375,0.8395,0.0057,0.975094,0.728177,0.979458,0.975813,0.91009,0.837144,0.999503,0.985358,158.04,95185193.0,5.422,0.938272,0.9951,0.0028,0.9964,0.0026,0.9844,0.0155,602.287,1.007276,7779.0,58942.0,2864308.0
31183.0,243992.0,11887146.0,43179.0,149737.0,226227.0,151.02,63.202,151.033,42.032,2389.478,2389.478,9.883815,1.0,0.0,0.013,35806.0,23.05,0.5845,0.0,0.9873,0.0006,0.9977,0.0006,0.9852,0.0007,0.9976,0.0003,0.9974,0.0006,0.9976,0.0003,0.102,0.9977,0.0003,0.998,0.0006,0.9976,0.0003,0.996864,0.759519,0.998426,0.997421,0.990625,0.769901,0.999996,0.997843,83.41,199305767.0,5.366,0.000511,2389.478,0.9976,0.9976,0.0002,0.0002,0.0,256178.0,1700291.0,7.0,1.0,1.0,1.0,0.0,1.0,13165.0,4.975,0.4021,0.0058,0.4147,0.0065,0.346,0.0134,23.05,0.019,0.0,0.9443,0.0042,0.9922,0.0018,0.7457,0.018,0.8397,0.0029,0.975722,0.732709,0.980864,0.979213,0.900591,0.847068,0.999602,0.984797,165.144,394607508.0,5.422,0.938272,0.9901,0.002,0.9933,0.0017,0.9618,0.0118,2389.478,1.007276,31183.0,243992.0,11887146.0
38315.0,304486.0,14916719.0,49468.0,182668.0,279125.0,189.474,65.058,189.476,47.002,2912.39,2912.39,9.883815,1.0001,0.0,0.013,40170.0,23.05,0.5784,0.0,0.9869,0.0005,0.9971,0.0006,0.9848,0.0006,0.9974,0.0002,0.9982,0.0005,0.9972,0.0003,0.105,0.9979,0.0002,0.998,0.0005,0.9978,0.0003,0.997011,0.765452,0.998881,0.997382,0.990507,0.775684,0.999997,0.997871,85.947,250311293.0,5.366,0.000511,2912.39,0.9975,0.9975,0.0002,0.0002,0.0,315801.0,2132831.0,7.0,1.0,1.0,1.0,0.0,1.0,13166.0,5.122,0.4023,0.0052,0.4155,0.0057,0.3413,0.0119,23.05,0.0187,0.0,0.947,0.0036,0.9932,0.0015,0.7497,0.0161,0.8432,0.0025,0.975811,0.732947,0.983545,0.979866,0.89397,0.850724,0.999669,0.984172,169.931,494906343.0,5.422,0.938272,0.9944,0.0013,0.9965,0.0011,0.9782,0.0076,2912.39,1.007276,38315.0,304486.0,14916719.0
18807.0,151275.0,7412258.0,22974.0,89325.0,137094.0,94.136,65.836,94.145,50.954,1429.857,1431.85,9.883815,1.0001,0.0,0.013,18415.0,23.05,0.5744,0.0,0.9883,0.0007,0.9977,0.0008,0.9864,0.0008,0.9968,0.0004,0.9964,0.001,0.9968,0.0004,0.106,0.9974,0.0004,0.9974,0.0009,0.9974,0.0004,0.997009,0.761516,0.998952,0.997338,0.990707,0.77152,0.999997,0.997877,86.91,124268421.0,5.366,0.000511,1429.857,0.996,0.996,0.0004,0.0004,0.0,155514.0,1059685.0,7.0,1.0,1.0,1.0,0.0,1.0,13167.0,5.177,0.3967,0.0073,0.4164,0.0081,0.3094,0.016,23.05,0.0185,0.0,0.946,0.0052,0.9941,0.0019,0.7371,0.0235,0.8383,0.0036,0.975968,0.730701,0.984749,0.979219,0.901561,0.840503,0.999683,0.984299,171.938,246189912.0,5.422,0.938272,0.9937,0.002,0.9958,0.0017,0.9745,0.0126,1431.85,1.007276,18807.0,151275.0,7412258.0
21729.0,63965.0,2123051.0,22810.0,65054.0,146467.0,82.855,38.381,82.86,36.549,2158.75,2160.788,9.883815,1.0,0.0,0.01,22594.0,23.05,0.9999,0.0002,0.9559,0.0017,0.9932,0.0068,0.9555,0.0017,0.999,0.0003,1.0,0.0,0.999,0.0003,0.03,0.9975,0.0005,1.0,0.0,0.9975,0.0005,0.997565,0.760503,0.999491,0.999294,0.990722,0.768557,1.0,0.997853,19.847,42844990.0,5.366,0.000511,2158.75,0.9976,0.9976,0.0003,0.0003,0.0,0.0,424883.0,5.0,1.0,1.0,0.0,0.0,1.0,13169.0,0.983,0.3837,0.0113,0.3609,0.0416,0.3857,0.0117,23.05,0.0689,0.0002,0.8674,0.0118,1.0,0.0,0.8592,0.0125,0.8135,0.0042,0.961309,0.666794,0.9778,0.971245,0.877455,0.800181,0.999362,0.975513,40.119,86687811.0,5.422,0.938272,0.9948,0.0026,1.0,0.0,0.9945,0.0027,2160.788,1.007276,21729.0,63965.0,2123051.0
23147.0,880404.0,381615.0,23150.0,36426.0,34099.0,9.644,68.936,9.644,68.936,139.898,139.898,7.941524,1.0001,0.0,0.165,1394.0,15.46,0.0414,0.0005,0.9972,0.0003,0.9978,0.0003,0.9948,0.001,0.9941,0.0005,0.9942,0.0005,0.9935,0.0011,6.293,0.9969,0.0004,0.9966,0.0004,0.9983,0.0006,0.998882,0.89398,0.998296,0.995791,0.99457,0.9042,0.999993,0.99948,179.066,25051028.0,6.079,0.000511,139.898,1.0,1.0,0.0,0.0,0.0,125772.0,63602.0,6.0,1.0,1.0,7.0,0.0,1.0,14570.0,2.728,0.5991,0.0036,0.6013,0.0036,0.5434,0.0181,37.93,0.0894,0.0005,0.9944,0.0007,0.9955,0.0006,0.9672,0.0086,0.9938,0.0006,0.995055,0.836605,0.993733,0.990715,0.980425,0.866737,0.999942,0.997391,57.405,8030901.0,2.634,0.938272,0.9968,0.0006,0.9967,0.0006,1.0,0.0,139.898,1.007276,23147.0,880404.0,381615.0
47186.0,1816653.0,784087.0,47336.0,74713.0,69736.0,19.896,68.232,19.896,64.942,291.587,291.587,7.941524,1.0001,0.0,0.162,3049.0,15.46,0.0411,0.0003,0.997,0.0002,0.9976,0.0002,0.9946,0.0007,0.9933,0.0004,0.9936,0.0004,0.9924,0.0008,6.23,0.9971,0.0003,0.9971,0.0003,0.9969,0.0006,0.998913,0.892481,0.997474,0.996001,0.995723,0.902192,0.99999,0.999582,177.857,51860762.0,6.079,0.000511,291.587,0.9986,0.9986,0.0007,0.0007,0.0,259543.0,130711.0,6.0,1.0,1.0,7.0,0.0,1.0,14571.0,2.689,0.5972,0.0025,0.5991,0.0025,0.5525,0.0124,37.93,0.0889,0.0003,0.9947,0.0005,0.9952,0.0005,0.9823,0.0044,0.9941,0.0004,0.994723,0.831064,0.994114,0.990778,0.978812,0.862031,0.999946,0.997077,56.952,16606503.0,2.634,0.938272,0.9976,0.0003,0.9976,0.0004,0.9989,0.0011,291.587,1.007276,47186.0,1816653.0,784087.0
549772.0,21200287.0,9145815.0,551613.0,870934.0,812948.0,232.027,67.787,232.029,64.39,3422.884,3422.884,7.941524,1.0001,0.0,0.161,35903.0,15.46,0.0411,0.0001,0.9975,0.0001,0.9981,0.0001,0.9953,0.0002,0.9942,0.0001,0.9942,0.0001,0.9944,0.0002,6.194,0.9969,0.0001,0.997,0.0001,0.9968,0.0002,0.998938,0.892614,0.997733,0.996077,0.995638,0.9021,0.999991,0.999573,177.328,606973496.0,6.079,0.000511,3422.884,0.9998,0.9998,0.0001,0.0001,0.0,3028875.0,1524649.0,6.0,1.0,1.0,7.0,0.0,1.0,14572.0,2.672,0.5967,0.0007,0.5984,0.0007,0.5556,0.0037,37.93,0.0889,0.0001,0.9949,0.0001,0.9955,0.0001,0.9803,0.0014,0.994,0.0001,0.994833,0.832554,0.9937,0.99075,0.979767,0.863119,0.999942,0.99723,56.645,193887731.0,2.634,0.938272,0.9975,0.0001,0.9974,0.0001,0.998,0.0004,3422.884,1.007276,549772.0,21200287.0,9145815.0
8330.0,607133.0,668930.0,13588.0,48848.0,52527.0,22.222,39.044,22.227,20.265,569.158,569.158,7.941524,1.0,0.0,0.015,10930.0,15.46,0.0798,0.0003,0.9914,0.0007,0.9957,0.0014,0.9908,0.0008,0.9981,0.0003,0.9971,0.0012,0.9983,0.0003,1.067,0.998,0.0004,0.9995,0.0005,0.9977,0.0004,0.998854,0.811722,0.999539,0.999042,0.995189,0.816804,1.0,0.999119,39.734,22615011.0,6.079,0.000511,569.158,1.0,1.0,0.0,0.0,0.0,122494.0,135019.0,5.0,1.0,1.0,5.0,0.0,1.0,14574.0,1.175,0.6006,0.0051,0.6086,0.0113,0.5987,0.0057,37.93,0.0778,0.0003,0.9956,0.0009,0.9956,0.002,0.9956,0.001,0.9891,0.001,0.982722,0.602265,0.992608,0.983733,0.97728,0.631123,0.99988,0.991619,15.726,8950837.0,2.634,0.938272,0.997,0.0008,1.0,0.0,0.9963,0.001,569.158,1.007276,8330.0,607133.0,668930.0
10672.0,255917.0,649098.0,16853.0,31316.0,36278.0,16.678,67.749,16.684,19.259,246.174,246.174,7.941524,1.0001,0.0,0.043,8633.0,19.875,0.1194,0.0003,0.9968,0.0005,0.9986,0.0004,0.9943,0.001,0.9955,0.0006,0.9955,0.0008,0.9954,0.0009,1.04,0.9968,0.0005,0.9974,0.0006,0.9959,0.001,0.998764,0.84529,0.998383,0.997478,0.995868,0.852321,0.999996,0.99939,112.023,27577251.0,5.202,0.000511,246.174,1.0,1.0,0.0,0.0,0.0,52441.0,109390.0,6.0,1.0,1.0,5.0,0.0,1.0,14577.0,2.637,0.4961,0.0058,0.4981,0.006,0.4655,0.0232,31.095,0.0553,0.0003,0.9882,0.0018,0.9937,0.0013,0.9114,0.0185,0.975,0.0017,0.994283,0.867761,0.989495,0.983437,0.963354,0.925665,0.999826,0.997276,88.877,21879265.0,3.493,0.938272,0.9968,0.001,0.9965,0.001,1.0,0.0,246.174,1.007276,10672.0,255917.0,649098.0
64898.0,1551113.0,3932382.0,70092.0,157595.0,187530.0,100.754,66.666,100.766,49.639,1511.317,1509.316,7.941524,1.0001,0.0,0.043,20227.0,19.875,0.1012,0.0001,0.9969,0.0002,0.9983,0.0002,0.9951,0.0004,0.9954,0.0002,0.9951,0.0003,0.996,0.0003,1.028,0.9977,0.0002,0.998,0.0002,0.9971,0.0003,0.998782,0.847035,0.998567,0.997373,0.995816,0.854059,0.999996,0.999389,110.033,166295423.0,5.202,0.000511,1511.317,0.9999,0.9999,0.0001,0.0001,0.0,311307.0,656454.0,6.0,1.0,1.0,5.0,0.0,1.0,14578.0,2.605,0.5095,0.0024,0.5106,0.0024,0.4921,0.0095,31.095,0.0476,0.0001,0.9896,0.0007,0.9939,0.0005,0.9273,0.0068,0.9737,0.0007,0.993637,0.8609,0.988501,0.982342,0.96187,0.921715,0.999797,0.997015,87.716,132390586.0,3.493,0.938272,0.9972,0.0004,0.9974,0.0004,0.996,0.0015,1509.316,1.007276,64898.0,1551113.0,3932382.0
173755.0,4158036.0,10545688.0,177797.0,412528.0,492834.0,270.351,66.571,270.372,60.569,4061.069,4061.07,7.941524,1.0001,0.0,0.043,44484.0,19.875,0.0991,0.0001,0.9967,0.0001,0.9984,0.0001,0.9946,0.0002,0.9955,0.0001,0.9948,0.0002,0.9965,0.0002,1.024,0.9976,0.0001,0.9978,0.0001,0.9972,0.0002,0.998703,0.845439,0.998459,0.997392,0.995446,0.852841,0.999996,0.99933,110.057,446947747.0,5.202,0.000511,4061.069,1.0,1.0,0.0,0.0,0.0,832477.0,1758511.0,6.0,1.0,1.0,5.0,0.0,1.0,14579.0,2.597,0.5048,0.0014,0.5071,0.0015,0.4707,0.0057,31.095,0.0467,0.0001,0.9905,0.0004,0.9947,0.0003,0.9277,0.0042,0.9749,0.0004,0.993715,0.862299,0.988138,0.982272,0.962055,0.923439,0.99979,0.997095,87.484,355280434.0,3.493,0.938272,0.9978,0.0002,0.9979,0.0002,0.9972,0.0008,4061.07,1.007276,173755.0,4158036.0,10545688.0
9986.0,173814.0,691269.0,10126.0,19709.0,30785.0,35.905,39.238,35.905,38.645,915.048,915.048,7.941524,1.0,0.0,0.011,9258.0,19.875,0.1133,0.0002,0.99,0.0015,0.997,0.0021,0.9889,0.0017,0.9973,0.0008,0.997,0.0021,0.9974,0.0008,0.19,0.9989,0.0005,0.9983,0.0017,0.999,0.0006,0.998851,0.78428,0.999726,0.999732,0.995118,0.788556,1.0,0.998968,25.624,23446800.0,5.202,0.000511,915.048,0.9999,0.9999,0.0001,0.0001,0.0,34791.0,115238.0,6.0,1.0,1.0,5.0,0.0,1.0,14580.0,0.755,0.511,0.0103,0.4726,0.0203,0.5241,0.0119,31.095,0.0445,0.0002,0.9854,0.0034,0.993,0.0049,0.983,0.0042,0.967,0.003,0.983197,0.761805,0.983858,0.964183,0.959856,0.836654,0.999422,0.993443,22.703,20774292.0,3.493,0.938272,0.9985,0.001,0.9928,0.0051,1.0,0.0,915.048,1.007276,9986.0,173814.0,691269.0
9563.0,33519.0,791906.0,9886.0,33852.0,166407.0,36.868,39.216,36.872,37.925,940.129,940.129,7.941524,1.0002,0.0,0.01,9692.0,25.26,0.9999,0.0005,0.9921,0.001,0.9924,0.0076,0.9921,0.001,0.9959,0.0007,1.0,0.0,0.9959,0.0007,0.036,0.9974,0.0006,1.0,0.0,0.9974,0.0006,0.99754,0.757899,0.999034,0.998789,0.991711,0.765901,0.999999,0.998059,17.445,16400430.0,4.388,0.000511,940.129,1.0003,1.0003,0.0,0.0,0.0,0.0,264129.0,3.0,1.0,1.0,0.0,0.0,1.0,14582.0,0.842,0.4581,0.0066,0.5152,0.0435,0.4569,0.0067,25.26,0.21,0.0005,0.958,0.0039,1.0,0.0,0.9569,0.0039,0.8955,0.0025,0.974593,0.732861,0.979925,0.957298,0.92174,0.847565,0.999143,0.98807,33.46,31456655.0,4.388,0.938272,0.9951,0.0012,1.0,0.0,0.995,0.0012,940.129,1.007276,9563.0,33519.0,791906.0
29806.0,232693.0,6492932.0,31051.0,233951.0,227822.0,113.883,67.791,113.888,63.116,1679.908,1679.908,7.941524,1.0001,0.0,0.018,17985.0,25.26,1.0,0.0001,0.9938,0.0003,0.9989,0.0003,0.9928,0.0003,0.9968,0.0002,0.9954,0.0006,0.997,0.0002,0.139,0.9972,0.0002,0.9981,0.0004,0.997,0.0003,0.9973,0.756062,0.998923,0.997839,0.991824,0.764769,0.999998,0.998077,75.286,126473570.0,4.388,0.000511,1679.908,1.0002,1.0002,0.0,0.0,0.0,0.0,1082426.0,6.0,1.0,1.0,0.0,0.0,1.0,14584.0,3.865,0.4489,0.0042,0.4577,0.0047,0.4047,0.0101,25.26,0.0351,0.0001,0.9698,0.0021,0.9956,0.0009,0.8506,0.0106,0.902,0.0019,0.977599,0.751634,0.981623,0.963231,0.911682,0.871942,0.999324,0.98869,137.801,231492897.0,4.388,0.938272,0.9965,0.0008,0.9964,0.0009,0.9964,0.0018,1679.908,1.007276,29806.0,232693.0,6492932.0
51579.0,398593.0,11142229.0,57613.0,404708.0,395139.0,195.628,66.001,195.64,54.847,2964.016,2962.009,7.941524,1.0001,0.0,0.017,35551.0,25.26,1.0,0.0001,0.9938,0.0002,0.9985,0.0003,0.9929,0.0003,0.9971,0.0002,0.9973,0.0004,0.997,0.0002,0.135,0.9973,0.0002,0.998,0.0003,0.9971,0.0002,0.997388,0.758661,0.998943,0.997776,0.992126,0.767197,0.999998,0.998167,73.603,218159805.0,4.388,0.000511,2964.016,1.0002,1.0002,0.0,0.0,0.0,0.0,1858297.0,6.0,1.0,1.0,0.0,0.0,1.0,14585.0,3.762,0.4515,0.0032,0.4579,0.0036,0.4208,0.0076,25.26,0.0354,0.0001,0.9709,0.0016,0.995,0.0007,0.8659,0.0076,0.8979,0.0015,0.977726,0.750346,0.982006,0.96634,0.911891,0.867112,0.999394,0.988291,134.323,397866293.0,4.388,0.938272,0.9972,0.0005,0.9975,0.0005,0.9955,0.0015,2962.009,1.007276,51579.0,398593.0,11142229.0
55815.0,429098.0,11959144.0,59504.0,432852.0,421964.0,210.096,66.176,210.12,59.287,3174.828,3174.828,7.941524,1.0001,0.0,0.018,35322.0,25.26,0.9999,0.0001,0.9937,0.0002,0.9983,0.0003,0.9928,0.0003,0.9967,0.0002,0.9964,0.0004,0.9968,0.0002,0.135,0.9973,0.0002,0.9976,0.0003,0.9973,0.0002,0.99746,0.758986,0.99884,0.99782,0.992487,0.767292,0.999997,0.998252,73.817,234357712.0,4.388,0.000511,3174.828,1.0001,1.0001,0.0,0.0,0.0,0.0,1994100.0,6.0,1.0,1.0,0.0,0.0,1.0,14586.0,3.767,0.4507,0.0031,0.46,0.0034,0.4074,0.0073,25.26,0.0353,0.0001,0.9698,0.0016,0.9936,0.0008,0.8606,0.0075,0.8973,0.0015,0.977753,0.751234,0.980493,0.966472,0.91267,0.868615,0.999346,0.988526,134.588,427295222.0,4.388,0.938272,0.9967,0.0005,0.997,0.0006,0.9953,0.0015,3174.828,1.007276,55815.0,429098.0,11959144.0
60776.0,469346.0,13067185.0,61926.0,470504.0,457873.0,229.61,66.595,229.622,64.496,3447.847,3445.845,7.941524,1.0001,0.0,0.018,35484.0,25.26,1.0,0.0001,0.9936,0.0002,0.998,0.0003,0.9927,0.0002,0.9967,0.0001,0.9965,0.0004,0.9967,0.0002,0.136,0.9974,0.0001,0.9976,0.0003,0.9974,0.0002,0.99735,0.75819,0.998903,0.997692,0.992109,0.76683,0.999997,0.99816,74.379,256448380.0,4.388,0.000511,3447.847,1.0001,1.0001,0.0,0.0,0.0,0.0,2178209.0,6.0,1.0,1.0,0.0,0.0,1.0,14587.0,3.792,0.45,0.003,0.4609,0.0033,0.3991,0.007,25.26,0.035,0.0001,0.9758,0.0013,0.9955,0.0006,0.8807,0.0069,0.9005,0.0014,0.978006,0.753195,0.980754,0.96635,0.911331,0.872041,0.999352,0.988654,135.432,466678114.0,4.388,0.938272,0.9973,0.0005,0.9982,0.0004,0.9934,0.0017,3445.845,1.007276,60776.0,469346.0,13067185.0
18261.0,42571.0,11409063.0,20261.0,44604.0,195765.0,105.747,65.05,105.757,57.91,1625.64,1625.64,7.941524,1.0,0.0,0.011,18199.0,33.64,1.0,0.0,0.9887,0.0012,0.9989,0.0008,0.9856,0.0015,0.995,0.0008,0.9967,0.0013,0.9945,0.001,0.026,0.9958,0.0008,0.9969,0.0014,0.9954,0.001,0.996348,0.7445,0.999279,0.997514,0.988339,0.755706,0.999998,0.997151,42.109,68453684.0,3.283,0.000511,1625.64,1.0,1.0,0.0,0.0,0.0,0.0,1630301.0,7.0,1.0,1.0,0.0,0.0,1.0,14590.0,7.018,0.4112,0.0087,0.4289,0.0116,0.3908,0.013,19.27,0.0172,0.0,0.9103,0.0075,0.991,0.0034,0.8168,0.0149,0.8168,0.0036,0.934709,0.587742,0.969478,0.948889,0.838332,0.762109,0.99844,0.961541,220.798,358937787.0,5.512,0.938272,0.9943,0.0021,0.9986,0.0014,0.9886,0.0046,1625.64,1.007276,18261.0,42571.0,11409063.0
31454.0,74260.0,20096576.0,39507.0,82429.0,348623.0,185.961,66.45,185.984,51.569,2798.515,2798.515,7.941524,1.0,0.0,0.011,35941.0,33.64,0.9999,0.0,0.989,0.0009,0.9968,0.001,0.9866,0.0011,0.9943,0.0006,0.9972,0.0009,0.9935,0.0008,0.027,0.9974,0.0005,0.9971,0.001,0.9975,0.0006,0.9968,0.74566,0.999116,0.998581,0.98927,0.755487,0.999999,0.997376,42.641,119330426.0,3.283,0.000511,2798.515,1.0,1.0,0.0,0.0,0.0,0.0,2872488.0,7.0,1.0,1.0,0.0,0.0,1.0,14592.0,7.181,0.4057,0.0066,0.4306,0.0088,0.3734,0.0098,19.27,0.0173,0.0,0.9136,0.0056,0.9934,0.0022,0.8159,0.0116,0.8167,0.0027,0.933083,0.583045,0.970844,0.946663,0.836116,0.758736,0.998445,0.960461,225.537,631168443.0,5.512,0.938272,0.9933,0.0018,0.9968,0.0016,0.9883,0.0037,2798.515,1.007276,31454.0,74260.0,20096576.0
39972.0,94888.0,25913719.0,40815.0,95755.0,439456.0,239.961,67.666,239.973,66.098,3546.244,3546.244,7.941524,1.0001,0.0,0.011,36182.0,33.64,1.0,0.0,0.9873,0.0008,0.9978,0.0007,0.9841,0.0011,0.995,0.0005,0.9976,0.0008,0.9943,0.0006,0.027,0.9974,0.0004,0.9983,0.0007,0.9971,0.0005,0.996438,0.752368,0.998988,0.997714,0.98831,0.763784,0.999998,0.997239,43.746,155132389.0,3.283,0.000511,3546.244,1.0001,1.0001,0.0,0.0,0.0,0.0,3702252.0,7.0,1.0,1.0,0.0,0.0,1.0,14593.0,7.307,0.404,0.0058,0.4278,0.0078,0.3736,0.0086,19.27,0.017,0.0,0.8948,0.0054,0.9909,0.0023,0.7831,0.0106,0.8148,0.0024,0.934862,0.588238,0.968049,0.95012,0.839049,0.762237,0.998406,0.961732,229.516,813920125.0,5.512,0.938272,0.9955,0.0013,0.9981,0.0011,0.9915,0.0028,3546.244,1.007276,39972.0,94888.0,25913719.0
30457.0,72573.0,19719223.0,39315.0,81572.0,342624.0,182.464,67.341,182.49,50.716,2709.572,2709.518,7.941524,1.0001,0.0,0.011,35859.0,33.64,1.0,0.0,0.989,0.0009,0.998,0.0008,0.9864,0.0011,0.9955,0.0006,0.998,0.0008,0.9947,0.0007,0.027,0.9966,0.0006,0.9978,0.0009,0.9962,0.0007,0.996731,0.756612,0.9991,0.997978,0.988952,0.767305,0.999998,0.997429,43.522,117926618.0,3.283,0.000511,2709.572,1.0001,1.0001,0.0,0.0,0.0,0.0,2818639.0,7.0,1.0,1.0,0.0,0.0,1.0,14594.0,7.278,0.413,0.0066,0.4369,0.009,0.3822,0.0097,19.27,0.0174,0.0,0.9031,0.0059,0.994,0.0021,0.8003,0.0116,0.8139,0.0027,0.930291,0.577594,0.970813,0.943396,0.827361,0.76225,0.998348,0.958955,228.292,618562333.0,5.512,0.938272,0.9947,0.0016,0.9967,0.0016,0.9915,0.0032,2709.518,1.007276,30457.0,72573.0,19719223.0
22487.0,53038.0,14469530.0,38555.0,69357.0,261173.0,133.877,66.93,133.903,37.089,2000.237,1998.217,7.941524,1.0001,0.0,0.011,35981.0,33.64,1.0,0.0,0.9881,0.0011,0.9978,0.001,0.9851,0.0014,0.9952,0.0007,0.9987,0.0007,0.9942,0.0009,0.027,0.9983,0.0005,0.999,0.0007,0.9981,0.0006,0.996286,0.752742,0.999147,0.997944,0.987211,0.764717,0.999998,0.996991,43.374,86759229.0,3.283,0.000511,2000.237,1.0002,1.0002,0.0,0.0,0.0,0.0,2069893.0,7.0,1.0,1.0,0.0,0.0,1.0,14595.0,7.241,0.4056,0.0078,0.4205,0.0104,0.3838,0.0118,19.27,0.018,0.0,0.9086,0.0068,0.9885,0.0034,0.814,0.0137,0.8156,0.0032,0.933547,0.583782,0.968303,0.951057,0.835897,0.758368,0.998449,0.960347,227.12,453835565.0,5.512,0.938272,0.9953,0.0018,0.9977,0.0016,0.9917,0.0037,1998.217,1.007276,22487.0,53038.0,14469530.0
18364.0,43150.0,11719612.0,35761.0,60869.0,216099.0,108.218,66.035,108.266,31.991,1638.783,1638.783,7.941524,1.0001,0.0,0.011,33728.0,33.64,1.0,0.0,0.9888,0.0012,0.9984,0.001,0.986,0.0015,0.9958,0.0007,0.9973,0.0012,0.9954,0.0009,0.026,0.9974,0.0006,0.9956,0.0017,0.9981,0.0006,0.995874,0.738639,0.998826,0.997564,0.98714,0.750971,0.999997,0.996798,42.322,69356727.0,3.283,0.000511,1638.783,1.0001,1.0001,0.0,0.0,0.0,0.0,1677552.0,7.0,1.0,1.0,0.0,0.0,1.0,14597.0,7.151,0.4073,0.0086,0.4306,0.0117,0.3798,0.0128,19.27,0.0184,0.0,0.9048,0.0077,0.9961,0.0022,0.8006,0.0152,0.8146,0.0035,0.931761,0.578948,0.969252,0.954587,0.821117,0.762048,0.998604,0.957434,224.331,367629208.0,5.512,0.938272,0.9968,0.0016,1.0,0.0,0.9926,0.0037,1638.783,1.007276,18364.0,43150.0,11719612.0
36447.0,85922.0,23380009.0,40686.0,90214.0,400302.0,216.336,66.753,216.35,59.01,3240.847,3240.847,7.941524,1.0,0.0,0.011,36535.0,33.64,1.0,0.0,0.9891,0.0008,0.9989,0.0005,0.9862,0.001,0.9955,0.0005,0.9978,0.0008,0.9949,0.0006,0.027,0.9981,0.0004,0.9972,0.0009,0.9984,0.0004,0.996756,0.756285,0.999171,0.998735,0.988234,0.766895,0.999999,0.997257,42.712,138423438.0,3.283,0.000511,3240.847,1.0,1.0,0.0,0.0,0.0,0.0,3340845.0,7.0,1.0,1.0,0.0,0.0,1.0,14598.0,7.214,0.4195,0.0061,0.4323,0.0082,0.405,0.0092,19.27,0.0171,0.0,0.91,0.0052,0.9918,0.0023,0.8185,0.0102,0.8117,0.0025,0.932687,0.581637,0.969261,0.950155,0.832657,0.758491,0.998468,0.959585,227.132,736100513.0,5.512,0.938272,0.9935,0.0016,0.9986,0.001,0.9861,0.0037,3240.847,1.007276,36447.0,85922.0,23380009.0
19799.0,46266.0,12445588.0,20921.0,47403.0,212319.0,115.309,65.444,115.322,61.527,1761.946,1761.946,7.941524,1.0,0.0,0.011,18680.0,33.64,1.0,0.0,0.9874,0.0012,0.997,0.0012,0.9846,0.0015,0.9955,0.0007,0.9975,0.0011,0.995,0.0009,0.026,0.9979,0.0006,0.9977,0.0011,0.998,0.0006,0.9973,0.751442,0.999128,0.998832,0.990837,0.759941,0.999999,0.9978,42.108,74192170.0,3.283,0.000511,1761.946,1.0001,1.0001,0.0,0.0,0.0,0.0,1778291.0,7.0,1.0,1.0,0.0,0.0,1.0,14599.0,7.064,0.4182,0.0083,0.4448,0.0111,0.3808,0.0124,19.27,0.0171,0.0,0.9064,0.0072,0.9933,0.0027,0.7986,0.0148,0.8143,0.0034,0.932761,0.58244,0.968072,0.949757,0.834038,0.75953,0.998396,0.960091,222.891,392721260.0,5.512,0.938272,0.994,0.0021,0.9963,0.0021,0.9901,0.0044,1761.946,1.007276,19799.0,46266.0,12445588.0
9483.0,14654.0,1195794.0,9790.0,14962.0,28053.0,35.52,37.464,35.521,36.283,948.118,948.118,7.941524,1.0,0.0,0.01,9756.0,33.64,0.9999,0.0001,0.9846,0.0037,1.0,0.0,0.9843,0.0038,0.9793,0.0043,1.0,0.0,0.979,0.0043,0.015,0.9988,0.0012,1.0,0.0,0.9988,0.0012,0.996825,0.737217,0.999467,0.998922,0.989119,0.74653,0.999999,0.997242,10.022,9502292.0,3.283,0.000511,948.118,1.0,1.0,0.0,0.0,0.0,0.0,170883.0,7.0,1.0,1.0,0.0,0.0,1.0,14600.0,1.261,0.4137,0.0281,0.4545,0.1062,0.4105,0.0291,19.27,0.0235,0.0001,0.9137,0.0238,1.0,0.0,0.907,0.0256,0.8225,0.0106,0.950047,0.634586,0.971642,0.95315,0.867495,0.789871,0.998671,0.972157,51.529,48855367.0,5.512,0.938272,1.0,0.0,1.0,0.0,1.0,0.0,948.118,1.007276,9483.0,14654.0,1195794.0
26374.0,150817.0,5907419.0,41048.0,166071.0,388443.0,74.284,32.445,74.604,19.837,2289.522,2289.512,10.546755,1.0001,0.0,0.012,37480.0,21.655,1.0,0.0001,0.9842,0.0006,0.9973,0.001,0.9831,0.0007,0.9973,0.0003,0.9925,0.0016,0.9977,0.0003,0.066,0.9959,0.0004,0.9969,0.0011,0.9958,0.0004,0.99772,0.789681,0.999061,0.99834,0.991347,0.798648,0.999998,0.998258,48.048,110007150.0,5.878,0.000511,2289.522,1.0001,1.0001,0.0,0.0,0.0,0.0,1188120.0,5.0,1.0,1.0,0.0,0.0,1.0,14986.0,2.58,0.3835,0.0067,0.4244,0.0095,0.3402,0.0093,23.11,0.0654,0.0001,0.871,0.0069,0.9931,0.0024,0.7491,0.0127,0.7815,0.0026,0.928332,0.549146,0.982415,0.962078,0.82931,0.700594,0.999333,0.948894,92.637,212094123.0,5.53,0.938272,0.9888,0.0026,0.9926,0.0026,0.9804,0.0061,2289.512,1.007276,26374.0,150817.0,5907419.0
29517.0,177738.0,7054243.0,45943.0,194606.0,460395.0,88.493,34.898,88.743,21.226,2535.773,2533.772,10.546755,1.0001,0.0,0.012,41666.0,21.655,1.0,0.0001,0.9841,0.0006,0.9968,0.001,0.9832,0.0006,0.9971,0.0003,0.9951,0.0012,0.9973,0.0003,0.07,0.9956,0.0004,0.9955,0.0012,0.9956,0.0004,0.997868,0.793712,0.999207,0.997842,0.992245,0.802281,0.999998,0.998467,51.683,131055659.0,5.878,0.000511,2535.773,1.0001,1.0001,0.0,0.0,0.0,0.0,1416708.0,5.0,1.0,1.0,0.0,0.0,1.0,14987.0,2.784,0.3895,0.0061,0.4343,0.0087,0.3432,0.0084,23.11,0.065,0.0001,0.8731,0.0062,0.9944,0.002,0.7536,0.0114,0.7876,0.0024,0.927267,0.544956,0.981796,0.95921,0.834642,0.693308,0.999257,0.949286,99.625,252426733.0,5.53,0.938272,0.9959,0.0015,0.9985,0.0011,0.99,0.0041,2533.772,1.007276,29517.0,177738.0,7054243.0
33998.0,210234.0,8352485.0,40581.0,217157.0,531240.0,104.768,36.06,104.975,29.424,2905.386,2907.397,10.546755,1.0,0.0,0.012,35554.0,21.655,1.0,0.0001,0.9848,0.0005,0.9973,0.0008,0.9838,0.0006,0.9974,0.0002,0.9959,0.001,0.9975,0.0002,0.072,0.9971,0.0003,0.9981,0.0007,0.997,0.0003,0.997763,0.787332,0.998937,0.997899,0.992276,0.795977,0.999998,0.998424,53.607,155747696.0,5.878,0.000511,2905.386,1.0,1.0,0.0,0.0,0.0,0.0,1674367.0,5.0,1.0,1.0,0.0,0.0,1.0,14988.0,2.873,0.3804,0.0056,0.4222,0.0079,0.3364,0.0078,23.11,0.0635,0.0001,0.8753,0.0058,0.9957,0.0016,0.757,0.0106,0.7881,0.0022,0.926691,0.541976,0.982756,0.958429,0.835533,0.68867,0.999283,0.948797,102.712,298625460.0,5.53,0.938272,0.9951,0.0015,0.9961,0.0016,0.993,0.0031,2907.397,1.007276,33998.0,210234.0,8352485.0
13238.0,80687.0,3204237.0,36856.0,104698.0,225304.0,40.191,35.754,40.432,11.572,1124.109,1124.109,10.546755,1.0,0.0,0.012,34820.0,21.655,0.9999,0.0001,0.9847,0.0008,0.9982,0.001,0.9836,0.0009,0.9971,0.0004,0.997,0.0013,0.9971,0.0004,0.072,0.9961,0.0005,1.0,0.0,0.9957,0.0005,0.997886,0.790035,0.99846,0.998158,0.992978,0.79832,0.999997,0.998584,52.937,59507031.0,5.878,0.000511,1124.109,1.0001,1.0001,0.0,0.0,0.0,0.0,647407.0,5.0,1.0,1.0,0.0,0.0,1.0,14989.0,2.85,0.3845,0.009,0.4176,0.0124,0.346,0.013,23.11,0.0696,0.0001,0.8786,0.0091,0.994,0.003,0.754,0.0173,0.7922,0.0035,0.928875,0.553314,0.981997,0.959312,0.830283,0.707416,0.999267,0.950344,101.756,114385172.0,5.53,0.938272,0.9908,0.0033,0.995,0.0029,0.981,0.0084,1124.109,1.007276,13238.0,80687.0,3204237.0
37570.0,239709.0,9638877.0,42781.0,245230.0,608889.0,120.699,38.025,120.901,32.735,3174.213,3172.128,10.546755,1.0003,0.0,0.012,36818.0,21.655,1.0,0.0001,0.9857,0.0005,0.9963,0.0009,0.9848,0.0005,0.9973,0.0002,0.9949,0.001,0.9975,0.0002,0.076,0.9934,0.0004,0.9924,0.0013,0.9935,0.0004,0.997699,0.789213,0.999349,0.997806,0.991516,0.798236,0.999999,0.998288,56.536,179457513.0,5.878,0.000511,3174.213,1.0004,1.0004,0.0,0.0,0.0,0.0,1931420.0,5.0,1.0,1.0,0.0,0.0,1.0,14991.0,3.039,0.3813,0.0052,0.4171,0.0073,0.3419,0.0074,23.11,0.0631,0.0001,0.867,0.0055,0.9942,0.0017,0.7406,0.01,0.7882,0.002,0.924909,0.542202,0.980656,0.959457,0.825342,0.698209,0.999216,0.94729,108.36,343731498.0,5.53,0.938272,0.992,0.0017,0.9961,0.0015,0.9825,0.0046,3172.128,1.007276,37570.0,239709.0,9638877.0
12077.0,71274.0,2814078.0,20585.0,80008.0,185931.0,35.356,34.165,35.482,18.788,1034.84,1034.851,10.546755,1.0002,0.0,0.012,18821.0,21.655,1.0,0.0001,0.9852,0.0009,0.9986,0.001,0.9841,0.001,0.9974,0.0004,0.9952,0.0018,0.9976,0.0004,0.069,0.9909,0.0008,0.9868,0.0032,0.9913,0.0008,0.997625,0.786933,0.999131,0.997937,0.991362,0.796122,0.999998,0.998239,50.985,52760993.0,5.878,0.000511,1034.84,1.0001,1.0001,0.0,0.0,0.0,0.0,565734.0,5.0,1.0,1.0,0.0,0.0,1.0,14992.0,2.719,0.3854,0.0095,0.4028,0.0132,0.3662,0.0137,23.11,0.0657,0.0001,0.8681,0.0099,0.9946,0.0031,0.7512,0.0176,0.78,0.0038,0.930786,0.556835,0.981208,0.958353,0.839809,0.705114,0.999217,0.952762,97.336,100727892.0,5.53,0.938272,0.9859,0.0042,0.9942,0.0033,0.969,0.0108,1034.851,1.007276,12077.0,71274.0,2814078.0
16918.0,45150.0,1314230.0,20691.0,49056.0,1320744.0,48.977,28.93,49.078,23.822,1692.932,1682.19,10.546755,1.0005,0.0,0.01,20541.0,21.655,1.0004,0.0,0.9497,0.0022,0.9896,0.0104,0.9494,0.0022,0.9978,0.0005,0.9895,0.0105,0.9979,0.0005,0.027,0.996,0.0007,1.0,0.0,0.996,0.0007,0.997614,0.782351,0.999306,0.998305,0.991016,0.791334,0.999999,0.998125,16.534,27991174.0,5.878,0.000511,1692.932,1.0006,1.0006,0.0,0.0,0.0,0.0,0.0,0.0,1.0,1.0,0.0,0.0,1.0,14993.0,0.781,0.3804,0.0037,0.3462,0.0539,0.3806,0.0037,23.11,0.9998,0.0,0.8638,0.0039,1.0,0.0,0.8633,0.0039,0.801,0.0014,0.932933,0.561029,0.980993,0.952915,0.854641,0.702235,0.999105,0.956717,33.357,56112454.0,5.53,0.938272,0.9938,0.001,1.0,0.0,0.9938,0.001,1682.19,1.007276,16918.0,45150.0,1314230.0
40762.0,835839.0,3484639.0,47953.0,207181.0,251287.0,81.189,66.23,81.255,41.833,1225.858,1227.856,8.482858,1.0005,0.0,0.033,19404.0,19.56,0.2457,0.0001,0.9945,0.0003,0.9981,0.0003,0.9928,0.0004,0.9954,0.0002,0.9955,0.0004,0.9953,0.0003,0.681,0.9971,0.0002,0.9977,0.0003,0.9969,0.0003,0.998287,0.836082,0.998136,0.996835,0.994117,0.845276,0.999994,0.99909,111.316,136458033.0,5.587,0.000511,1225.858,1.0007,1.0007,0.0,0.0,0.0,281082.0,698720.0,5.0,1.0,1.0,3.0,0.0,1.0,16162.0,2.838,0.4941,0.003,0.5006,0.0032,0.4519,0.0081,30.02,0.0719,0.0001,0.9839,0.0011,0.9948,0.0007,0.913,0.0066,0.9374,0.0012,0.974457,0.725493,0.982105,0.964868,0.919349,0.832774,0.999371,0.986513,98.629,121102421.0,3.731,0.938272,0.9943,0.0007,0.9943,0.0007,0.994,0.0017,1227.856,1.007276,40762.0,835839.0,3484639.0
22447.0,472260.0,1967646.0,23652.0,113731.0,138405.0,46.049,72.442,46.063,60.916,635.661,635.661,8.482858,1.0001,0.0,0.035,7534.0,19.56,0.2402,0.0002,0.9944,0.0004,0.9987,0.0003,0.9924,0.0005,0.995,0.0003,0.9941,0.0007,0.9955,0.0004,0.743,0.9966,0.0003,0.9965,0.0005,0.9967,0.0004,0.998121,0.830824,0.998417,0.996256,0.99371,0.840556,0.999994,0.998997,123.059,78223509.0,5.587,0.000511,635.661,0.9998,0.9998,0.0001,0.0001,0.0,157842.0,393859.0,5.0,1.0,1.0,3.0,0.0,1.0,16164.0,3.095,0.4924,0.004,0.4995,0.0043,0.4485,0.0107,30.02,0.0703,0.0002,0.9835,0.0014,0.9947,0.0009,0.913,0.0087,0.9337,0.0017,0.976163,0.734228,0.984973,0.968643,0.914946,0.8411,0.999529,0.986485,107.47,68314636.0,3.731,0.938272,0.9938,0.0009,0.9937,0.001,0.9941,0.0022,635.661,1.007276,22447.0,472260.0,1967646.0
7554.0,93466.0,543596.0,7652.0,93569.0,114963.0,27.961,39.69,27.962,39.143,704.474,704.474,8.482858,1.0,0.0,0.011,7119.0,19.56,1.0,0.0006,0.9827,0.0007,0.9923,0.0044,0.9826,0.0007,0.9968,0.0003,0.9948,0.0036,0.9968,0.0003,0.133,0.9973,0.0003,1.0,0.0,0.9973,0.0003,0.99853,0.815488,0.999207,0.998924,0.993646,0.822239,0.999999,0.99887,27.405,19306318.0,5.587,0.000511,704.474,1.0,1.0,0.0,0.0,0.0,0.0,181237.0,3.0,1.0,1.0,0.0,0.0,1.0,16165.0,0.772,0.5163,0.0059,0.5,0.0266,0.5172,0.006,30.02,0.2114,0.0006,0.9816,0.0022,0.9888,0.0079,0.9812,0.0023,0.9418,0.002,0.970077,0.694033,0.980627,0.95614,0.932234,0.794017,0.99915,0.986041,26.855,18918535.0,3.731,0.938272,0.994,0.0012,1.0,0.0,0.9937,0.0012,704.474,1.007276,7554.0,93466.0,543596.0
42159.0,718389.0,5376419.0,43971.0,269419.0,206496.0,113.791,73.304,113.812,65.675,1552.324,1552.324,8.482858,1.0002,0.0,0.027,17271.0,20.905,0.3741,0.0001,0.9936,0.0003,0.9978,0.0003,0.9923,0.0003,0.9959,0.0002,0.9939,0.0005,0.9965,0.0002,0.463,0.997,0.0002,0.9971,0.0004,0.9969,0.0002,0.998219,0.824118,0.998602,0.997029,0.993836,0.832866,0.999996,0.99897,111.899,173703548.0,5.321,0.000511,1552.324,1.0001,1.0001,0.0,0.0,0.0,360129.0,896475.0,6.0,1.0,1.0,2.0,0.0,1.0,16167.0,3.463,0.4815,0.0032,0.4866,0.0033,0.4326,0.01,28.355,0.0384,0.0001,0.9837,0.0011,0.9955,0.0006,0.8771,0.0095,0.9382,0.0013,0.979438,0.755743,0.982203,0.969204,0.923457,0.859688,0.999452,0.98926,122.767,190574328.0,3.996,0.938272,0.9936,0.0008,0.9933,0.0008,0.9953,0.0019,1552.324,1.007276,42159.0,718389.0,5376419.0
9310.0,160675.0,1205539.0,9654.0,60068.0,46154.0,25.516,74.942,25.52,68.478,340.483,338.472,8.482858,1.0001,0.0,0.028,3713.0,20.905,0.3729,0.0002,0.9929,0.0006,0.9985,0.0005,0.9911,0.0007,0.9957,0.0004,0.9947,0.001,0.996,0.0005,0.475,0.9969,0.0004,0.9971,0.0008,0.9969,0.0005,0.997889,0.823023,0.998337,0.996428,0.992742,0.833398,0.999994,0.998791,114.7,39053276.0,5.321,0.000511,340.483,1.0,1.0,0.0,0.0,0.0,80532.0,201052.0,6.0,1.0,1.0,2.0,0.0,1.0,16168.0,3.562,0.4767,0.0067,0.4824,0.0071,0.4243,0.0214,28.355,0.0383,0.0002,0.9854,0.0023,0.9975,0.001,0.8731,0.0206,0.9356,0.0029,0.979894,0.756212,0.984583,0.968464,0.926352,0.856115,0.999514,0.989403,126.26,42735511.0,3.996,0.938272,0.994,0.0015,0.9938,0.0017,0.9962,0.0038,338.472,1.007276,9310.0,160675.0,1205539.0
6537.0,52841.0,479447.0,7012.0,53335.0,101700.0,24.162,38.454,24.174,35.76,628.342,628.342,8.482858,1.0,0.0,0.01,6737.0,20.905,1.0,0.0006,0.9807,0.001,0.9897,0.0072,0.9806,0.0011,0.998,0.0003,1.0,0.0,0.998,0.0003,0.084,0.9967,0.0005,1.0,0.0,0.9966,0.0005,0.998523,0.806291,0.999465,0.998594,0.994096,0.812656,0.999999,0.998894,24.277,15254152.0,5.321,0.000511,628.342,1.0,1.0,0.0,0.0,0.0,0.0,160063.0,3.0,1.0,1.0,0.0,0.0,1.0,16170.0,0.763,0.4768,0.0072,0.5,0.0369,0.4758,0.0073,28.355,0.2118,0.0006,0.9744,0.0032,1.0,0.0,0.9734,0.0034,0.9163,0.0027,0.968083,0.687178,0.978199,0.95837,0.92526,0.792219,0.999092,0.98447,28.96,18197002.0,3.996,0.938272,0.9964,0.0011,0.9891,0.0108,0.9967,0.0011,628.342,1.007276,6537.0,52841.0,479447.0
138327.0,2512003.0,2458209.0,138923.0,614134.0,277277.0,46.837,71.758,46.847,66.65,652.708,652.708,6.398538,1.0006,0.0,0.212,7007.0,18.595,0.2444,0.0002,0.9977,0.0001,0.9987,0.0001,0.997,0.0001,0.9933,0.0001,0.9929,0.0002,0.9936,0.0002,3.849,0.997,0.0001,0.9971,0.0002,0.9969,0.0001,0.998239,0.826449,0.998146,0.996475,0.994831,0.83523,0.999993,0.999148,129.842,84748876.0,4.752,0.000511,652.708,1.0003,1.0003,0.0,0.0,0.0,837640.0,491826.0,5.0,1.0,1.0,3.0,0.0,1.0,16277.0,3.766,0.6473,0.0013,0.6525,0.0014,0.6002,0.0042,37.97,0.1128,0.0002,0.9951,0.0002,0.9952,0.0002,0.9939,0.0009,0.9907,0.0003,0.98431,0.662713,0.993024,0.986225,0.969771,0.697784,0.999904,0.990864,62.616,40870062.0,2.412,0.938272,0.9944,0.0003,0.9943,0.0003,0.995,0.0009,652.708,1.007276,138327.0,2512003.0,2458209.0
29827.0,546486.0,536864.0,29825.0,45509.0,45256.0,10.21,78.73,10.21,78.73,129.687,129.687,6.398538,0.9999,0.0,0.23,1291.0,18.595,0.0833,0.0004,0.9983,0.0002,0.9985,0.0002,0.9972,0.0007,0.9942,0.0004,0.9942,0.0005,0.9943,0.0009,4.214,0.9972,0.0003,0.9971,0.0003,0.9975,0.0007,0.998976,0.893412,0.998048,0.995776,0.995941,0.902621,0.999992,0.999605,142.766,18514953.0,4.752,0.000511,129.687,0.9992,0.9992,0.0008,0.0008,0.0,91081.0,89477.0,6.0,1.0,1.0,6.0,0.0,1.0,16278.0,4.14,0.6532,0.0029,0.6554,0.003,0.6161,0.0125,37.97,0.0843,0.0004,0.9962,0.0005,0.9962,0.0005,0.9957,0.0021,0.9927,0.0006,0.988308,0.713105,0.993598,0.987488,0.973939,0.746241,0.99992,0.993387,68.676,8906336.0,2.412,0.938272,0.9946,0.0006,0.9945,0.0007,0.9973,0.0019,129.687,1.007276,29827.0,546486.0,536864.0
4776.0,211906.0,543910.0,5037.0,28073.0,36763.0,12.85,38.205,12.852,35.46,336.343,336.343,6.398538,1.0002,0.0,0.014,3613.0,18.595,0.1323,0.0003,0.9984,0.0004,1.0,0.0,0.9983,0.0004,0.9964,0.0006,0.993,0.0025,0.9968,0.0006,0.63,0.9971,0.0006,0.9971,0.0017,0.9972,0.0006,0.998468,0.781116,0.999422,0.998134,0.995294,0.786732,0.999999,0.998996,29.435,9900187.0,4.752,0.000511,336.343,1.0003,1.0003,0.0,0.0,0.0,53043.0,108840.0,5.0,1.0,1.0,4.0,0.0,1.0,16279.0,1.617,0.6466,0.0052,0.6628,0.0141,0.6442,0.0056,37.97,0.0676,0.0003,0.9956,0.0009,0.9946,0.0027,0.996,0.0009,0.991,0.0011,0.976561,0.479797,0.991922,0.983928,0.976976,0.50319,0.99987,0.988562,18.347,6171040.0,2.412,0.938272,0.996,0.001,0.9963,0.0026,0.9959,0.0011,336.343,1.007276,4776.0,211906.0,543910.0
4883.0,103829.0,442286.0,6164.0,17163.0,31930.0,15.46,37.514,15.476,28.63,412.12,412.12,6.398538,1.0,0.0,0.012,5386.0,21.095,0.1632,0.0004,0.9969,0.0008,1.0,0.0,0.9965,0.0009,0.9968,0.0008,0.9984,0.0016,0.9965,0.0009,0.252,0.9953,0.001,0.9982,0.0018,0.9949,0.0012,0.998578,0.773757,0.999037,0.998846,0.995713,0.778736,0.999999,0.999052,24.166,9959144.0,4.391,0.000511,412.12,0.9998,0.9998,0.0002,0.0002,0.0,26292.0,88790.0,5.0,1.0,1.0,4.0,0.0,1.0,16280.0,1.073,0.5847,0.0069,0.6076,0.0199,0.5816,0.0073,34.475,0.0719,0.0004,0.9957,0.0012,1.0,0.0,0.9951,0.0014,0.9877,0.0014,0.974125,0.601228,0.988191,0.974322,0.965538,0.646735,0.999697,0.987826,20.993,8651425.0,2.792,0.938272,0.9975,0.0009,0.9969,0.0031,0.9976,0.001,412.12,1.007276,4883.0,103829.0,442286.0
98658.0,1366189.0,3160388.0,129927.0,204744.0,223073.0,74.429,68.132,74.658,17.654,1092.414,1092.414,6.398538,1.0001,0.0,0.09,42138.0,21.095,0.1464,0.0001,0.9979,0.0001,0.9984,0.0001,0.9968,0.0003,0.9948,0.0002,0.9944,0.0003,0.9956,0.0004,1.251,0.9972,0.0002,0.9973,0.0002,0.997,0.0004,0.998996,0.878651,0.998438,0.997159,0.995731,0.886317,0.999996,0.999515,94.069,102762368.0,4.391,0.000511,1092.414,0.9995,0.9995,0.0001,0.0001,0.0,279612.0,532806.0,6.0,1.0,1.0,5.0,0.0,1.0,16282.0,2.893,0.5949,0.0017,0.6,0.0018,0.5245,0.0066,34.475,0.0698,0.0001,0.995,0.0003,0.9952,0.0003,0.9921,0.0016,0.9875,0.0004,0.989661,0.797592,0.990692,0.98124,0.964194,0.850947,0.999825,0.994663,79.766,87137693.0,2.792,0.938272,0.9943,0.0004,0.9943,0.0004,0.9947,0.0012,1092.414,1.007276,98658.0,1366189.0,3160388.0
36864.0,271047.0,3601899.0,38791.0,117060.0,147172.0,76.327,71.091,76.35,60.302,1073.656,1073.652,6.398538,1.0002,0.0,0.034,12617.0,26.545,0.4288,0.0001,0.9965,0.0003,0.9988,0.0002,0.9945,0.0005,0.9949,0.0003,0.9939,0.0005,0.9958,0.0004,0.252,0.9976,0.0002,0.9981,0.0003,0.9972,0.0004,0.998186,0.807744,0.99879,0.997842,0.99361,0.815683,0.999997,0.998822,69.323,74429162.0,3.727,0.000511,1073.656,1.0,1.0,0.0,0.0,0.0,136502.0,600717.0,6.0,1.0,1.0,2.0,0.0,1.0,16284.0,3.355,0.5338,0.003,0.5384,0.0032,0.4995,0.0088,28.46,0.0408,0.0001,0.9937,0.0007,0.995,0.0006,0.9836,0.0031,0.9657,0.001,0.979928,0.753983,0.981842,0.968556,0.934247,0.848659,0.999429,0.990049,116.475,125053937.0,3.493,0.938272,0.9945,0.0006,0.9943,0.0007,0.9957,0.0014,1073.652,1.007276,36864.0,271047.0,3601899.0
6063.0,32016.0,530212.0,6118.0,32073.0,64347.0,23.086,39.742,23.086,39.369,580.892,580.892,6.398538,1.0002,0.0,0.01,5843.0,26.545,1.0001,0.0004,0.9954,0.0007,1.0,0.0,0.9953,0.0007,0.9963,0.0006,1.0,0.0,0.9962,0.0006,0.055,0.9971,0.0006,1.0,0.0,0.997,0.0006,0.998244,0.771033,0.999367,0.999039,0.993743,0.777127,0.999999,0.998605,17.484,10156228.0,3.727,0.000511,580.892,1.0,1.0,0.0,0.0,0.0,0.0,132568.0,4.0,1.0,1.0,0.0,0.0,1.0,16286.0,0.913,0.5365,0.0069,0.5022,0.0333,0.5381,0.007,28.46,0.1213,0.0004,0.9905,0.0018,1.0,0.0,0.9901,0.0019,0.9627,0.002,0.971507,0.688755,0.983565,0.95917,0.939475,0.777106,0.999329,0.986509,31.475,18283368.0,3.493,0.938272,0.9942,0.0013,1.0,0.0,0.994,0.0014,580.892,1.007276,6063.0,32016.0,530212.0
13640.0,82429.0,1891256.0,14842.0,49256.0,71945.0,36.749,71.835,36.76,58.14,511.575,511.575,6.398538,1.0,0.0,0.027,6303.0,28.4,0.5889,0.0001,0.9952,0.0005,0.9983,0.0005,0.9931,0.0008,0.9955,0.0005,0.9949,0.0008,0.9958,0.0006,0.161,0.9971,0.0004,0.9978,0.0006,0.9966,0.0006,0.997788,0.794622,0.998798,0.998221,0.991801,0.803585,0.999998,0.99839,64.132,32808420.0,3.514,0.000511,511.575,1.0004,1.0004,0.0,0.0,0.0,83647.0,315453.0,6.0,1.0,1.0,1.0,0.0,1.0,16509.0,3.697,0.5075,0.0052,0.5137,0.0057,0.471,0.0133,26.81,0.038,0.0001,0.9824,0.0019,0.9943,0.0012,0.9172,0.0102,0.9488,0.002,0.971267,0.71536,0.976999,0.955233,0.921057,0.832214,0.99897,0.986754,127.737,65347123.0,3.706,0.938272,0.9946,0.0011,0.995,0.0012,0.9929,0.0029,511.575,1.007276,13640.0,82429.0,1891256.0
53681.0,330407.0,7642002.0,54187.0,192429.0,284828.0,148.461,77.41,148.468,75.45,1917.851,1917.851,6.398538,1.0001,0.0,0.028,19612.0,28.4,0.5815,0.0001,0.9959,0.0002,0.9986,0.0002,0.9939,0.0004,0.9951,0.0003,0.9941,0.0004,0.9959,0.0003,0.172,0.9976,0.0002,0.9978,0.0003,0.9974,0.0003,0.99796,0.797266,0.998864,0.997826,0.992896,0.805635,0.999998,0.998619,70.192,134618477.0,3.514,0.000511,1917.851,1.0001,1.0001,0.0,0.0,0.0,330918.0,1273787.0,6.0,1.0,1.0,1.0,0.0,1.0,16510.0,3.985,0.4971,0.0026,0.5014,0.0028,0.4731,0.0065,26.81,0.0373,0.0001,0.9824,0.001,0.995,0.0006,0.9159,0.0051,0.9514,0.001,0.972572,0.720658,0.978584,0.959436,0.918705,0.835485,0.999131,0.986626,137.793,264265814.0,3.706,0.938272,0.9936,0.0006,0.9936,0.0007,0.9935,0.0014,1917.851,1.007276,53681.0,330407.0,7642002.0
7793.0,29902.0,678060.0,8413.0,30534.0,82930.0,29.246,38.578,29.25,35.571,758.087,760.089,6.398538,1.0,0.0,0.01,8195.0,28.4,1.0,0.0004,0.9927,0.0009,0.9944,0.0056,0.9926,0.0009,0.9951,0.0008,1.0,0.0,0.995,0.0008,0.039,0.9974,0.0006,1.0,0.0,0.9973,0.0006,0.997966,0.765827,0.999239,0.998856,0.992989,0.772705,0.999999,0.998406,16.088,12196239.0,3.514,0.000511,758.087,1.0,1.0,0.0,0.0,0.0,0.0,169698.0,4.0,1.0,1.0,0.0,0.0,1.0,16511.0,0.892,0.5052,0.0069,0.5116,0.0381,0.505,0.007,26.81,0.1222,0.0004,0.9714,0.0032,1.0,0.0,0.9704,0.0033,0.949,0.0022,0.965061,0.679199,0.973725,0.946478,0.930777,0.79178,0.998594,0.985586,32.93,25029806.0,3.706,0.938272,0.9966,0.001,1.0,0.0,0.9965,0.0011,760.089,1.007276,7793.0,29902.0,678060.0
0.0,0.0,7.0,16.0,38.0,206.0,0.0,0.0,0.0,0.0,0.0,0.007,6.398538,0.0,0.0,0.0,16.0,33.35,0.0,0.0,1.0,0.0,0.0,0.0,1.0,0.0,1.0,0.0,0.0,0.0,1.0,0.0,0.0,1.0,0.0,0.0,0.0,1.0,0.0,0.925926,0.296296,1.0,1.0,0.888889,0.333333,1.0,0.925926,0.0,0.0,3.014,0.000511,0.0,0.0,0.0,0.0,0.0,0.0,0.0,2.0,4.0,1.0,1.0,0.0,0.0,1.0,16512.0,1.041,0.75,0.1531,0.0,0.0,0.75,0.1531,23.115,29.4286,0.0,1.0,0.0,0.0,0.0,1.0,0.0,1.0,0.0,0.959776,0.666315,0.952381,0.95,0.928571,0.793103,0.997619,0.985222,44.183,297.0,4.22,0.938272,1.0,0.0,0.0,0.0,1.0,0.0,0.007,1.007276,0.0,0.0,7.0
5718.0,20343.0,1750516.0,9965.0,24661.0,36916.0,25.465,71.099,25.499,32.508,358.165,358.165,6.398538,1.0,0.0,0.016,7817.0,33.35,0.9999,0.0001,0.9945,0.001,0.9995,0.0005,0.9921,0.0014,0.9948,0.0009,0.9954,0.0015,0.9945,0.0012,0.057,0.9973,0.0008,0.9966,0.0014,0.9976,0.0009,0.997174,0.754997,0.998625,0.998273,0.991189,0.764077,0.999998,0.997921,46.062,16497729.0,3.014,0.000511,358.165,1.0,1.0,0.0,0.0,0.0,0.0,250817.0,7.0,1.0,1.0,0.0,0.0,1.0,16513.0,4.887,0.4771,0.01,0.4758,0.0112,0.477,0.0224,23.115,0.021,0.0001,0.9682,0.005,0.9937,0.0026,0.8782,0.0199,0.9269,0.0042,0.962984,0.679547,0.970717,0.955388,0.906132,0.80864,0.998694,0.982037,170.076,60915410.0,4.22,0.938272,0.9947,0.0022,0.9964,0.0021,0.9898,0.0059,358.165,1.007276,5718.0,20343.0,1750516.0
10084.0,32569.0,2686616.0,12824.0,35379.0,54158.0,39.321,59.897,39.348,42.254,656.475,656.475,6.398538,1.0001,0.0,0.015,9282.0,33.35,0.9999,0.0001,0.9911,0.001,0.9991,0.0005,0.9869,0.0014,0.9967,0.0006,0.9973,0.0009,0.9964,0.0008,0.05,0.9973,0.0006,0.9977,0.0009,0.9971,0.0008,0.997432,0.769715,0.999549,0.99804,0.990864,0.778689,0.999999,0.997978,39.028,25621206.0,3.014,0.000511,656.475,1.0003,1.0003,0.0,0.0,0.0,0.0,384330.0,7.0,1.0,1.0,0.0,0.0,1.0,16514.0,4.092,0.4679,0.0079,0.4769,0.0087,0.428,0.0183,23.115,0.0201,0.0001,0.9727,0.0037,0.9943,0.0019,0.8764,0.0174,0.9233,0.0034,0.958721,0.666432,0.974239,0.949324,0.890272,0.809381,0.998695,0.979084,144.003,94534289.0,4.22,0.938272,0.9919,0.0021,0.9916,0.0024,0.9927,0.0042,656.475,1.007276,10084.0,32569.0,2686616.0
27856.0,99394.0,8701576.0,29178.0,100730.0,163177.0,126.419,75.794,126.428,70.143,1667.932,1669.976,6.398538,1.0001,0.0,0.017,17963.0,33.35,1.0,0.0,0.9937,0.0005,0.9988,0.0003,0.9911,0.0007,0.9942,0.0004,0.9944,0.0007,0.9941,0.0005,0.06,0.9972,0.0003,0.9981,0.0004,0.9965,0.0005,0.996868,0.754935,0.998877,0.997929,0.989942,0.765047,0.999998,0.997637,49.586,82706018.0,3.014,0.000511,1667.932,1.0001,1.0001,0.0,0.0,0.0,0.0,1243303.0,7.0,1.0,1.0,0.0,0.0,1.0,16515.0,5.211,0.4688,0.0044,0.4731,0.0049,0.4496,0.0101,23.115,0.0187,0.0,0.9693,0.0022,0.9931,0.0012,0.8741,0.0094,0.9275,0.0019,0.961252,0.674983,0.974166,0.951762,0.896549,0.812003,0.998754,0.980551,180.716,301791187.0,4.22,0.938272,0.9945,0.001,0.9948,0.0011,0.9932,0.0023,1669.976,1.007276,27856.0,99394.0,8701576.0
7680.0,27192.0,2368537.0,8881.0,28410.0,45316.0,34.401,75.799,34.409,59.92,453.84,453.84,6.398538,1.0001,0.0,0.017,5724.0,33.35,1.0001,0.0001,0.9936,0.0009,0.9983,0.0008,0.9912,0.0013,0.9958,0.0007,0.9959,0.0012,0.9958,0.0009,0.06,0.9969,0.0007,0.9958,0.0013,0.9975,0.0008,0.997452,0.758195,0.999368,0.997634,0.992141,0.766497,0.999999,0.998165,50.085,22730516.0,3.014,0.000511,453.84,1.0002,1.0002,0.0,0.0,0.0,0.0,338562.0,7.0,1.0,1.0,0.0,0.0,1.0,16516.0,5.219,0.4592,0.0083,0.4602,0.0092,0.4561,0.0199,23.115,0.0191,0.0001,0.9762,0.0037,0.9956,0.0018,0.8937,0.0172,0.928,0.0036,0.957978,0.660613,0.97832,0.952433,0.88355,0.802417,0.998969,0.976992,181.002,82145757.0,4.22,0.938272,0.9956,0.0017,0.9951,0.002,0.9972,0.0028,453.84,1.007276,7680.0,27192.0,2368537.0
35836.0,122089.0,10358715.0,39685.0,126321.0,199709.0,151.435,67.481,151.481,57.921,2244.112,2236.016,6.398538,1.0032,0.0,0.016,26076.0,33.35,1.0035,0.0,0.9939,0.0004,0.9984,0.0004,0.9916,0.0006,0.9944,0.0004,0.9939,0.0007,0.9947,0.0005,0.055,0.9973,0.0003,0.9973,0.0005,0.9974,0.0004,0.997344,0.762957,0.998902,0.998288,0.99123,0.771874,0.999998,0.997999,44.652,100203632.0,3.014,0.000511,2244.112,1.0033,1.0033,0.0,0.0,0.0,0.0,1480652.0,7.0,1.0,1.0,0.0,0.0,1.0,16517.0,4.633,0.4646,0.004,0.4714,0.0044,0.4366,0.0094,23.115,0.0193,0.0,0.973,0.0019,0.9951,0.0009,0.8779,0.0088,0.9266,0.0017,0.961011,0.673102,0.976965,0.951555,0.893646,0.810218,0.998884,0.979816,161.545,361218378.0,4.22,0.938272,0.9935,0.001,0.9927,0.0012,0.9962,0.0016,2236.016,1.007276,35836.0,122089.0,10358715.0
